0 0 0 0 0
0 0 1 0 1
0 0 2 0 2
0 0 3 0 3
0 0 4 0 4
0 0 5 0 5
0 0 6 0 6
0 0 7 0 7
0 0 8 0 8
0 0 9 0 9
0 0 10 0 10
0 0 11 0 11
0 0 12 0 12
0 0 13 0 13
0 0 14 0 14
0 0 15 0 15
0 0 16 0 16
0 0 17 0 17
0 0 18 0 18
0 0 19 0 19
0 0 20 0 20
0 0 21 0 21
0 0 22 0 22
0 0 23 0 23
0 0 24 0 24
0 0 25 0 25
0 0 26 0 26
0 0 27 0 27
0 0 28 0 28
0 0 29 0 29
0 0 30 0 30
0 0 31 0 31
0 0 32 0 32
0 0 33 0 33
0 0 34 0 34
0 0 35 0 35
0 0 36 0 36
0 0 37 0 37
0 0 38 0 38
0 0 39 0 39
0 0 40 0 40
0 0 41 0 41
0 0 42 0 42
0 0 43 0 43
0 0 44 0 44
0 0 45 0 45
0 0 46 0 46
0 0 47 0 47
0 0 48 1 0
0 0 49 1 1
0 0 50 1 2
0 0 51 1 3
0 0 52 1 4
0 0 53 1 5
0 0 54 1 6
0 0 55 1 7
0 0 56 1 8
0 0 57 1 9
0 0 58 1 10
0 0 59 1 11
0 0 60 1 12
0 0 61 1 13
0 0 62 1 14
0 0 63 1 15
0 0 64 1 16
0 0 65 1 17
0 0 66 1 18
0 0 67 1 19
0 1 0 1 20
0 1 1 1 21
0 1 2 1 22
0 1 3 1 23
0 1 4 1 24
0 1 5 1 25
0 1 6 1 26
0 1 7 1 27
0 1 8 1 28
0 1 9 1 29
0 1 10 1 30
0 1 11 1 31
0 1 12 1 32
0 1 13 1 33
0 1 14 1 34
0 1 15 1 35
0 1 16 1 36
0 1 17 1 37
0 1 18 1 38
0 1 19 1 39
0 1 20 1 40
0 1 21 1 41
0 1 22 1 42
0 1 23 1 43
0 1 24 1 44
0 1 25 1 45
0 1 26 1 46
0 1 27 1 47
0 1 28 2 0
0 1 29 2 1
0 1 30 2 2
0 1 31 2 3
0 1 32 2 4
0 1 33 2 5
0 1 34 2 6
0 1 35 2 7
0 1 36 2 8
0 1 37 2 9
0 1 38 2 10
0 1 39 2 11
0 1 40 2 12
0 1 41 2 13
0 1 42 2 14
0 1 43 2 15
0 1 44 2 16
0 1 45 2 17
0 1 46 2 18
0 1 47 2 19
0 1 48 2 20
0 1 49 2 21
0 1 50 2 22
0 1 51 2 23
0 1 52 2 24
0 1 53 2 25
0 1 54 2 26
0 1 55 2 27
0 1 56 2 28
0 1 57 2 29
0 1 58 2 30
0 1 59 2 31
0 1 60 2 32
0 1 61 2 33
0 1 62 2 34
0 1 63 2 35
0 1 64 2 36
0 1 65 2 37
0 1 66 2 38
0 1 67 2 39
0 2 0 2 40
0 2 1 2 41
0 2 2 2 42
0 2 3 2 43
0 2 4 2 44
0 2 5 2 45
0 2 6 2 46
0 2 7 2 47
0 2 8 2 48
0 2 9 2 49
0 2 10 2 50
0 2 11 2 51
0 2 12 2 52
0 2 13 2 53
0 2 14 2 54
0 2 15 2 55
0 2 16 2 56
0 2 17 2 57
0 2 18 2 58
0 2 19 2 59
0 2 20 2 60
0 2 21 2 61
0 2 22 2 62
0 2 23 2 63
0 2 24 2 64
0 2 25 2 65
0 2 26 2 66
0 2 27 2 67
0 2 28 2 68
0 2 29 2 69
0 2 30 2 70
0 2 31 2 71
0 2 32 3 0
0 2 33 3 1
0 2 34 3 2
0 2 35 3 3
0 2 36 3 4
0 2 37 3 5
0 2 38 3 6
0 2 39 3 7
0 2 40 3 8
0 2 41 3 9
0 2 42 3 10
0 2 43 3 11
0 2 44 3 12
0 2 45 3 13
0 2 46 3 14
0 2 47 3 15
0 2 48 3 16
0 2 49 3 17
0 2 50 3 18
0 2 51 3 19
0 2 52 3 20
0 2 53 3 21
0 2 54 3 22
0 2 55 3 23
0 2 56 3 24
0 2 57 3 25
0 2 58 3 26
0 2 59 3 27
0 2 60 3 28
0 2 61 3 29
0 2 62 3 30
0 2 63 3 31
0 2 64 3 32
0 2 65 3 33
0 2 66 3 34
0 2 67 3 35
0 3 0 3 36
0 3 1 3 37
0 3 2 3 38
0 3 3 3 39
0 3 4 3 40
0 3 5 3 41
0 3 6 3 42
0 3 7 3 43
0 3 8 3 44
0 3 9 3 45
0 3 10 3 46
0 3 11 3 47
0 3 12 3 48
0 3 13 3 49
0 3 14 3 50
0 3 15 3 51
0 3 16 3 52
0 3 17 3 53
0 3 18 3 54
0 3 19 3 55
0 3 20 3 56
0 3 21 3 57
0 3 22 3 58
0 3 23 3 59
0 3 24 3 60
0 3 25 3 61
0 3 26 3 62
0 3 27 3 63
0 3 28 3 64
0 3 29 3 65
0 3 30 3 66
0 3 31 3 67
0 3 32 3 68
0 3 33 3 69
0 3 34 3 70
0 3 35 3 71
0 3 36 3 72
0 3 37 3 73
0 3 38 3 74
0 3 39 3 75
0 3 40 3 76
0 3 41 3 77
0 3 42 3 78
0 3 43 3 79
0 3 44 3 80
0 3 45 3 81
0 3 46 3 82
0 3 47 3 83
0 3 48 3 84
0 3 49 3 85
0 3 50 3 86
0 3 51 3 87
0 3 52 3 88
0 3 53 3 89
0 3 54 3 90
0 3 55 3 91
0 3 56 3 92
0 3 57 3 93
0 3 58 3 94
0 3 59 3 95
0 3 60 4 0
0 3 61 4 1
0 3 62 4 2
0 3 63 4 3
0 3 64 4 4
0 3 65 4 5
0 3 66 4 6
0 3 67 4 7
0 4 0 4 8
0 4 1 4 9
0 4 2 4 10
0 4 3 4 11
0 4 4 4 12
0 4 5 4 13
0 4 6 4 14
0 4 7 4 15
0 4 8 4 16
0 4 9 4 17
0 4 10 4 18
0 4 11 4 19
0 4 12 4 20
0 4 13 4 21
0 4 14 4 22
0 4 15 4 23
0 4 16 4 24
0 4 17 4 25
0 4 18 4 26
0 4 19 4 27
0 4 20 4 28
0 4 21 4 29
0 4 22 4 30
0 4 23 4 31
0 4 24 4 32
0 4 25 4 33
0 4 26 4 34
0 4 27 4 35
0 4 28 4 36
0 4 29 4 37
0 4 30 4 38
0 4 31 4 39
0 4 32 4 40
0 4 33 4 41
0 4 34 4 42
0 4 35 4 43
0 4 36 4 44
0 4 37 4 45
0 4 38 4 46
0 4 39 4 47
0 4 40 4 48
0 4 41 4 49
0 4 42 4 50
0 4 43 4 51
0 4 44 4 52
0 4 45 4 53
0 4 46 4 54
0 4 47 4 55
0 4 48 4 56
0 4 49 4 57
0 4 50 4 58
0 4 51 4 59
0 4 52 4 60
0 4 53 4 61
0 4 54 4 62
0 4 55 4 63
0 4 56 4 64
0 4 57 4 65
0 4 58 4 66
0 4 59 4 67
0 4 60 4 68
0 4 61 4 69
0 4 62 4 70
0 4 63 4 71
0 4 64 4 72
0 4 65 4 73
0 4 66 4 74
0 4 67 4 75
0 5 0 4 76
0 5 1 4 77
0 5 2 4 78
0 5 3 4 79
0 5 4 4 80
0 5 5 4 81
0 5 6 4 82
0 5 7 4 83
0 5 8 4 84
0 5 9 4 85
0 5 10 4 86
0 5 11 4 87
0 5 12 4 88
0 5 13 4 89
0 5 14 4 90
0 5 15 4 91
0 5 16 4 92
0 5 17 4 93
0 5 18 4 94
0 5 19 4 95
0 5 20 4 96
0 5 21 4 97
0 5 22 4 98
0 5 23 4 99
0 5 24 4 100
0 5 25 4 101
0 5 26 4 102
0 5 27 4 103
0 5 28 4 104
0 5 29 4 105
0 5 30 4 106
0 5 31 4 107
0 5 32 4 108
0 5 33 4 109
0 5 34 4 110
0 5 35 4 111
0 5 36 4 112
0 5 37 4 113
0 5 38 4 114
0 5 39 4 115
0 5 40 4 116
0 5 41 4 117
0 5 42 4 118
0 5 43 4 119
0 5 44 5 0
0 5 45 5 1
0 5 46 5 2
0 5 47 5 3
0 5 48 5 4
0 5 49 5 5
0 5 50 5 6
0 5 51 5 7
0 5 52 5 8
0 5 53 5 9
0 5 54 5 10
0 5 55 5 11
0 5 56 5 12
0 5 57 5 13
0 5 58 5 14
0 5 59 5 15
0 5 60 5 16
0 5 61 5 17
0 5 62 5 18
0 5 63 5 19
0 5 64 5 20
0 5 65 5 21
0 5 66 5 22
0 5 67 5 23
0 6 0 5 24
0 6 1 5 25
0 6 2 5 26
0 6 3 5 27
0 6 4 5 28
0 6 5 5 29
0 6 6 5 30
0 6 7 5 31
0 6 8 5 32
0 6 9 5 33
0 6 10 5 34
0 6 11 5 35
0 6 12 5 36
0 6 13 5 37
0 6 14 5 38
0 6 15 5 39
0 6 16 5 40
0 6 17 5 41
0 6 18 5 42
0 6 19 5 43
0 6 20 5 44
0 6 21 5 45
0 6 22 5 46
0 6 23 5 47
0 6 24 5 48
0 6 25 5 49
0 6 26 5 50
0 6 27 5 51
0 6 28 5 52
0 6 29 5 53
0 6 30 5 54
0 6 31 5 55
0 6 32 5 56
0 6 33 5 57
0 6 34 5 58
0 6 35 5 59
0 6 36 5 60
0 6 37 5 61
0 6 38 5 62
0 6 39 5 63
0 6 40 5 64
0 6 41 5 65
0 6 42 5 66
0 6 43 5 67
0 6 44 5 68
0 6 45 5 69
0 6 46 5 70
0 6 47 5 71
0 6 48 5 72
0 6 49 5 73
0 6 50 5 74
0 6 51 5 75
0 6 52 5 76
0 6 53 5 77
0 6 54 5 78
0 6 55 5 79
0 6 56 5 80
0 6 57 5 81
0 6 58 5 82
0 6 59 5 83
0 6 60 5 84
0 6 61 5 85
0 6 62 5 86
0 6 63 5 87
0 6 64 5 88
0 6 65 5 89
0 6 66 5 90
0 6 67 5 91
0 7 0 5 92
0 7 1 5 93
0 7 2 5 94
0 7 3 5 95
0 7 4 5 96
0 7 5 5 97
0 7 6 5 98
0 7 7 5 99
0 7 8 5 100
0 7 9 5 101
0 7 10 5 102
0 7 11 5 103
0 7 12 5 104
0 7 13 5 105
0 7 14 5 106
0 7 15 5 107
0 7 16 5 108
0 7 17 5 109
0 7 18 5 110
0 7 19 5 111
0 7 20 5 112
0 7 21 5 113
0 7 22 5 114
0 7 23 5 115
0 7 24 5 116
0 7 25 5 117
0 7 26 5 118
0 7 27 5 119
0 7 28 5 120
0 7 29 5 121
0 7 30 5 122
0 7 31 5 123
0 7 32 5 124
0 7 33 5 125
0 7 34 5 126
0 7 35 5 127
0 7 36 5 128
0 7 37 5 129
0 7 38 5 130
0 7 39 5 131
0 7 40 5 132
0 7 41 5 133
0 7 42 5 134
0 7 43 5 135
0 7 44 5 136
0 7 45 5 137
0 7 46 5 138
0 7 47 5 139
0 7 48 5 140
0 7 49 5 141
0 7 50 5 142
0 7 51 5 143
0 7 52 6 0
0 7 53 6 1
0 7 54 6 2
0 7 55 6 3
0 7 56 6 4
0 7 57 6 5
0 7 58 6 6
0 7 59 6 7
0 7 60 6 8
0 7 61 6 9
0 7 62 6 10
0 7 63 6 11
0 7 64 6 12
0 7 65 6 13
0 7 66 6 14
0 7 67 6 15
0 8 0 6 16
0 8 1 6 17
0 8 2 6 18
0 8 3 6 19
0 8 4 6 20
0 8 5 6 21
0 8 6 6 22
0 8 7 6 23
0 8 8 6 24
0 8 9 6 25
0 8 10 6 26
0 8 11 6 27
0 8 12 6 28
0 8 13 6 29
0 8 14 6 30
0 8 15 6 31
0 8 16 6 32
0 8 17 6 33
0 8 18 6 34
0 8 19 6 35
0 8 20 6 36
0 8 21 6 37
0 8 22 6 38
0 8 23 6 39
0 8 24 6 40
0 8 25 6 41
0 8 26 6 42
0 8 27 6 43
0 8 28 6 44
0 8 29 6 45
0 8 30 6 46
0 8 31 6 47
0 8 32 6 48
0 8 33 6 49
0 8 34 6 50
0 8 35 6 51
0 8 36 6 52
0 8 37 6 53
0 8 38 6 54
0 8 39 6 55
0 8 40 6 56
0 8 41 6 57
0 8 42 6 58
0 8 43 6 59
0 8 44 6 60
0 8 45 6 61
0 8 46 6 62
0 8 47 6 63
0 8 48 6 64
0 8 49 6 65
0 8 50 6 66
0 8 51 6 67
0 8 52 6 68
0 8 53 6 69
0 8 54 6 70
0 8 55 6 71
0 8 56 6 72
0 8 57 6 73
0 8 58 6 74
0 8 59 6 75
0 8 60 6 76
0 8 61 6 77
0 8 62 6 78
0 8 63 6 79
0 8 64 6 80
0 8 65 6 81
0 8 66 6 82
0 8 67 6 83
0 9 0 6 84
0 9 1 6 85
0 9 2 6 86
0 9 3 6 87
0 9 4 6 88
0 9 5 6 89
0 9 6 6 90
0 9 7 6 91
0 9 8 6 92
0 9 9 6 93
0 9 10 6 94
0 9 11 6 95
0 9 12 6 96
0 9 13 6 97
0 9 14 6 98
0 9 15 6 99
0 9 16 6 100
0 9 17 6 101
0 9 18 6 102
0 9 19 6 103
0 9 20 6 104
0 9 21 6 105
0 9 22 6 106
0 9 23 6 107
0 9 24 6 108
0 9 25 6 109
0 9 26 6 110
0 9 27 6 111
0 9 28 6 112
0 9 29 6 113
0 9 30 6 114
0 9 31 6 115
0 9 32 6 116
0 9 33 6 117
0 9 34 6 118
0 9 35 6 119
0 9 36 6 120
0 9 37 6 121
0 9 38 6 122
0 9 39 6 123
0 9 40 6 124
0 9 41 6 125
0 9 42 6 126
0 9 43 6 127
0 9 44 6 128
0 9 45 6 129
0 9 46 6 130
0 9 47 6 131
0 9 48 6 132
0 9 49 6 133
0 9 50 6 134
0 9 51 6 135
0 9 52 6 136
0 9 53 6 137
0 9 54 6 138
0 9 55 6 139
0 9 56 6 140
0 9 57 6 141
0 9 58 6 142
0 9 59 6 143
0 9 60 6 144
0 9 61 6 145
0 9 62 6 146
0 9 63 6 147
0 9 64 6 148
0 9 65 6 149
0 9 66 6 150
0 9 67 6 151
0 10 0 6 152
0 10 1 6 153
0 10 2 6 154
0 10 3 6 155
0 10 4 6 156
0 10 5 6 157
0 10 6 6 158
0 10 7 6 159
0 10 8 6 160
0 10 9 6 161
0 10 10 6 162
0 10 11 6 163
0 10 12 6 164
0 10 13 6 165
0 10 14 6 166
0 10 15 6 167
0 10 16 7 0
0 10 17 7 1
0 10 18 7 2
0 10 19 7 3
0 10 20 7 4
0 10 21 7 5
0 10 22 7 6
0 10 23 7 7
0 10 24 7 8
0 10 25 7 9
0 10 26 7 10
0 10 27 7 11
0 10 28 7 12
0 10 29 7 13
0 10 30 7 14
0 10 31 7 15
0 10 32 7 16
0 10 33 7 17
0 10 34 7 18
0 10 35 7 19
0 10 36 7 20
0 10 37 7 21
0 10 38 7 22
0 10 39 7 23
0 10 40 7 24
0 10 41 7 25
0 10 42 7 26
0 10 43 7 27
0 10 44 7 28
0 10 45 7 29
0 10 46 7 30
0 10 47 7 31
0 10 48 7 32
0 10 49 7 33
0 10 50 7 34
0 10 51 7 35
0 10 52 7 36
0 10 53 7 37
0 10 54 7 38
0 10 55 7 39
0 10 56 7 40
0 10 57 7 41
0 10 58 7 42
0 10 59 7 43
0 10 60 7 44
0 10 61 7 45
0 10 62 7 46
0 10 63 7 47
0 10 64 7 48
0 10 65 7 49
0 10 66 7 50
0 10 67 7 51
0 11 0 7 52
0 11 1 7 53
0 11 2 7 54
0 11 3 7 55
0 11 4 7 56
0 11 5 7 57
0 11 6 7 58
0 11 7 7 59
0 11 8 7 60
0 11 9 7 61
0 11 10 7 62
0 11 11 7 63
0 11 12 7 64
0 11 13 7 65
0 11 14 7 66
0 11 15 7 67
0 11 16 7 68
0 11 17 7 69
0 11 18 7 70
0 11 19 7 71
0 11 20 7 72
0 11 21 7 73
0 11 22 7 74
0 11 23 7 75
0 11 24 7 76
0 11 25 7 77
0 11 26 7 78
0 11 27 7 79
0 11 28 7 80
0 11 29 7 81
0 11 30 7 82
0 11 31 7 83
0 11 32 7 84
0 11 33 7 85
0 11 34 7 86
0 11 35 7 87
0 11 36 7 88
0 11 37 7 89
0 11 38 7 90
0 11 39 7 91
0 11 40 7 92
0 11 41 7 93
0 11 42 7 94
0 11 43 7 95
0 11 44 7 96
0 11 45 7 97
0 11 46 7 98
0 11 47 7 99
0 11 48 7 100
0 11 49 7 101
0 11 50 7 102
0 11 51 7 103
0 11 52 7 104
0 11 53 7 105
0 11 54 7 106
0 11 55 7 107
0 11 56 7 108
0 11 57 7 109
0 11 58 7 110
0 11 59 7 111
0 11 60 7 112
0 11 61 7 113
0 11 62 7 114
0 11 63 7 115
0 11 64 7 116
0 11 65 7 117
0 11 66 7 118
0 11 67 7 119
0 12 0 7 120
0 12 1 7 121
0 12 2 7 122
0 12 3 7 123
0 12 4 7 124
0 12 5 7 125
0 12 6 7 126
0 12 7 7 127
0 12 8 7 128
0 12 9 7 129
0 12 10 7 130
0 12 11 7 131
0 12 12 7 132
0 12 13 7 133
0 12 14 7 134
0 12 15 7 135
0 12 16 7 136
0 12 17 7 137
0 12 18 7 138
0 12 19 7 139
0 12 20 7 140
0 12 21 7 141
0 12 22 7 142
0 12 23 7 143
0 12 24 7 144
0 12 25 7 145
0 12 26 7 146
0 12 27 7 147
0 12 28 7 148
0 12 29 7 149
0 12 30 7 150
0 12 31 7 151
0 12 32 7 152
0 12 33 7 153
0 12 34 7 154
0 12 35 7 155
0 12 36 7 156
0 12 37 7 157
0 12 38 7 158
0 12 39 7 159
0 12 40 7 160
0 12 41 7 161
0 12 42 7 162
0 12 43 7 163
0 12 44 7 164
0 12 45 7 165
0 12 46 7 166
0 12 47 7 167
0 12 48 7 168
0 12 49 7 169
0 12 50 7 170
0 12 51 7 171
0 12 52 7 172
0 12 53 7 173
0 12 54 7 174
0 12 55 7 175
0 12 56 7 176
0 12 57 7 177
0 12 58 7 178
0 12 59 7 179
0 12 60 7 180
0 12 61 7 181
0 12 62 7 182
0 12 63 7 183
0 12 64 7 184
0 12 65 7 185
0 12 66 7 186
0 12 67 7 187
0 13 0 7 188
0 13 1 7 189
0 13 2 7 190
0 13 3 7 191
0 13 4 8 0
0 13 5 8 1
0 13 6 8 2
0 13 7 8 3
0 13 8 8 4
0 13 9 8 5
0 13 10 8 6
0 13 11 8 7
0 13 12 8 8
0 13 13 8 9
0 13 14 8 10
0 13 15 8 11
0 13 16 8 12
0 13 17 8 13
0 13 18 8 14
0 13 19 8 15
0 13 20 8 16
0 13 21 8 17
0 13 22 8 18
0 13 23 8 19
0 13 24 8 20
0 13 25 8 21
0 13 26 8 22
0 13 27 8 23
0 13 28 8 24
0 13 29 8 25
0 13 30 8 26
0 13 31 8 27
0 13 32 8 28
0 13 33 8 29
0 13 34 8 30
0 13 35 8 31
0 13 36 8 32
0 13 37 8 33
0 13 38 8 34
0 13 39 8 35
0 13 40 8 36
0 13 41 8 37
0 13 42 8 38
0 13 43 8 39
0 13 44 8 40
0 13 45 8 41
0 13 46 8 42
0 13 47 8 43
0 13 48 8 44
0 13 49 8 45
0 13 50 8 46
0 13 51 8 47
0 13 52 8 48
0 13 53 8 49
0 13 54 8 50
0 13 55 8 51
0 13 56 8 52
0 13 57 8 53
0 13 58 8 54
0 13 59 8 55
0 13 60 8 56
0 13 61 8 57
0 13 62 8 58
0 13 63 8 59
0 13 64 8 60
0 13 65 8 61
0 13 66 8 62
0 13 67 8 63
0 14 0 8 64
0 14 1 8 65
0 14 2 8 66
0 14 3 8 67
0 14 4 8 68
0 14 5 8 69
0 14 6 8 70
0 14 7 8 71
0 14 8 8 72
0 14 9 8 73
0 14 10 8 74
0 14 11 8 75
0 14 12 8 76
0 14 13 8 77
0 14 14 8 78
0 14 15 8 79
0 14 16 8 80
0 14 17 8 81
0 14 18 8 82
0 14 19 8 83
0 14 20 8 84
0 14 21 8 85
0 14 22 8 86
0 14 23 8 87
0 14 24 8 88
0 14 25 8 89
0 14 26 8 90
0 14 27 8 91
0 14 28 8 92
0 14 29 8 93
0 14 30 8 94
0 14 31 8 95
0 14 32 8 96
0 14 33 8 97
0 14 34 8 98
0 14 35 8 99
0 14 36 8 100
0 14 37 8 101
0 14 38 8 102
0 14 39 8 103
0 14 40 8 104
0 14 41 8 105
0 14 42 8 106
0 14 43 8 107
0 14 44 8 108
0 14 45 8 109
0 14 46 8 110
0 14 47 8 111
0 14 48 8 112
0 14 49 8 113
0 14 50 8 114
0 14 51 8 115
0 14 52 8 116
0 14 53 8 117
0 14 54 8 118
0 14 55 8 119
0 14 56 8 120
0 14 57 8 121
0 14 58 8 122
0 14 59 8 123
0 14 60 8 124
0 14 61 8 125
0 14 62 8 126
0 14 63 8 127
0 14 64 8 128
0 14 65 8 129
0 14 66 8 130
0 14 67 8 131
0 15 0 8 132
0 15 1 8 133
0 15 2 8 134
0 15 3 8 135
0 15 4 8 136
0 15 5 8 137
0 15 6 8 138
0 15 7 8 139
0 15 8 8 140
0 15 9 8 141
0 15 10 8 142
0 15 11 8 143
0 15 12 8 144
0 15 13 8 145
0 15 14 8 146
0 15 15 8 147
0 15 16 8 148
0 15 17 8 149
0 15 18 8 150
0 15 19 8 151
0 15 20 8 152
0 15 21 8 153
0 15 22 8 154
0 15 23 8 155
0 15 24 8 156
0 15 25 8 157
0 15 26 8 158
0 15 27 8 159
0 15 28 8 160
0 15 29 8 161
0 15 30 8 162
0 15 31 8 163
0 15 32 8 164
0 15 33 8 165
0 15 34 8 166
0 15 35 8 167
0 15 36 8 168
0 15 37 8 169
0 15 38 8 170
0 15 39 8 171
0 15 40 8 172
0 15 41 8 173
0 15 42 8 174
0 15 43 8 175
0 15 44 8 176
0 15 45 8 177
0 15 46 8 178
0 15 47 8 179
0 15 48 8 180
0 15 49 8 181
0 15 50 8 182
0 15 51 8 183
0 15 52 8 184
0 15 53 8 185
0 15 54 8 186
0 15 55 8 187
0 15 56 8 188
0 15 57 8 189
0 15 58 8 190
0 15 59 8 191
0 15 60 8 192
0 15 61 8 193
0 15 62 8 194
0 15 63 8 195
0 15 64 8 196
0 15 65 8 197
0 15 66 8 198
0 15 67 8 199
0 16 0 8 200
0 16 1 8 201
0 16 2 8 202
0 16 3 8 203
0 16 4 8 204
0 16 5 8 205
0 16 6 8 206
0 16 7 8 207
0 16 8 8 208
0 16 9 8 209
0 16 10 8 210
0 16 11 8 211
0 16 12 8 212
0 16 13 8 213
0 16 14 8 214
0 16 15 8 215
0 16 16 9 0
0 16 17 9 1
0 16 18 9 2
0 16 19 9 3
0 16 20 9 4
0 16 21 9 5
0 16 22 9 6
0 16 23 9 7
0 16 24 9 8
0 16 25 9 9
0 16 26 9 10
0 16 27 9 11
0 16 28 9 12
0 16 29 9 13
0 16 30 9 14
0 16 31 9 15
0 16 32 9 16
0 16 33 9 17
0 16 34 9 18
0 16 35 9 19
0 16 36 9 20
0 16 37 9 21
0 16 38 9 22
0 16 39 9 23
0 16 40 9 24
0 16 41 9 25
0 16 42 9 26
0 16 43 9 27
0 16 44 9 28
0 16 45 9 29
0 16 46 9 30
0 16 47 9 31
0 16 48 9 32
0 16 49 9 33
0 16 50 9 34
0 16 51 9 35
0 16 52 9 36
0 16 53 9 37
0 16 54 9 38
0 16 55 9 39
0 16 56 9 40
0 16 57 9 41
0 16 58 9 42
0 16 59 9 43
0 16 60 9 44
0 16 61 9 45
0 16 62 9 46
0 16 63 9 47
0 16 64 9 48
0 16 65 9 49
0 16 66 9 50
0 16 67 9 51
0 17 0 9 52
0 17 1 9 53
0 17 2 9 54
0 17 3 9 55
0 17 4 9 56
0 17 5 9 57
0 17 6 9 58
0 17 7 9 59
0 17 8 9 60
0 17 9 9 61
0 17 10 9 62
0 17 11 9 63
0 17 12 9 64
0 17 13 9 65
0 17 14 9 66
0 17 15 9 67
0 17 16 9 68
0 17 17 9 69
0 17 18 9 70
0 17 19 9 71
0 17 20 9 72
0 17 21 9 73
0 17 22 9 74
0 17 23 9 75
0 17 24 9 76
0 17 25 9 77
0 17 26 9 78
0 17 27 9 79
0 17 28 9 80
0 17 29 9 81
0 17 30 9 82
0 17 31 9 83
0 17 32 9 84
0 17 33 9 85
0 17 34 9 86
0 17 35 9 87
0 17 36 9 88
0 17 37 9 89
0 17 38 9 90
0 17 39 9 91
0 17 40 9 92
0 17 41 9 93
0 17 42 9 94
0 17 43 9 95
0 17 44 9 96
0 17 45 9 97
0 17 46 9 98
0 17 47 9 99
0 17 48 9 100
0 17 49 9 101
0 17 50 9 102
0 17 51 9 103
0 17 52 9 104
0 17 53 9 105
0 17 54 9 106
0 17 55 9 107
0 17 56 9 108
0 17 57 9 109
0 17 58 9 110
0 17 59 9 111
0 17 60 9 112
0 17 61 9 113
0 17 62 9 114
0 17 63 9 115
0 17 64 9 116
0 17 65 9 117
0 17 66 9 118
0 17 67 9 119
0 18 0 9 120
0 18 1 9 121
0 18 2 9 122
0 18 3 9 123
0 18 4 9 124
0 18 5 9 125
0 18 6 9 126
0 18 7 9 127
0 18 8 9 128
0 18 9 9 129
0 18 10 9 130
0 18 11 9 131
0 18 12 9 132
0 18 13 9 133
0 18 14 9 134
0 18 15 9 135
0 18 16 9 136
0 18 17 9 137
0 18 18 9 138
0 18 19 9 139
0 18 20 9 140
0 18 21 9 141
0 18 22 9 142
0 18 23 9 143
0 18 24 9 144
0 18 25 9 145
0 18 26 9 146
0 18 27 9 147
0 18 28 9 148
0 18 29 9 149
0 18 30 9 150
0 18 31 9 151
0 18 32 9 152
0 18 33 9 153
0 18 34 9 154
0 18 35 9 155
0 18 36 9 156
0 18 37 9 157
0 18 38 9 158
0 18 39 9 159
0 18 40 9 160
0 18 41 9 161
0 18 42 9 162
0 18 43 9 163
0 18 44 9 164
0 18 45 9 165
0 18 46 9 166
0 18 47 9 167
0 18 48 9 168
0 18 49 9 169
0 18 50 9 170
0 18 51 9 171
0 18 52 9 172
0 18 53 9 173
0 18 54 9 174
0 18 55 9 175
0 18 56 9 176
0 18 57 9 177
0 18 58 9 178
0 18 59 9 179
0 18 60 9 180
0 18 61 9 181
0 18 62 9 182
0 18 63 9 183
0 18 64 9 184
0 18 65 9 185
0 18 66 9 186
0 18 67 9 187
0 19 0 9 188
0 19 1 9 189
0 19 2 9 190
0 19 3 9 191
0 19 4 9 192
0 19 5 9 193
0 19 6 9 194
0 19 7 9 195
0 19 8 9 196
0 19 9 9 197
0 19 10 9 198
0 19 11 9 199
0 19 12 9 200
0 19 13 9 201
0 19 14 9 202
0 19 15 9 203
0 19 16 9 204
0 19 17 9 205
0 19 18 9 206
0 19 19 9 207
0 19 20 9 208
0 19 21 9 209
0 19 22 9 210
0 19 23 9 211
0 19 24 9 212
0 19 25 9 213
0 19 26 9 214
0 19 27 9 215
0 19 28 9 216
0 19 29 9 217
0 19 30 9 218
0 19 31 9 219
0 19 32 9 220
0 19 33 9 221
0 19 34 9 222
0 19 35 9 223
0 19 36 9 224
0 19 37 9 225
0 19 38 9 226
0 19 39 9 227
0 19 40 9 228
0 19 41 9 229
0 19 42 9 230
0 19 43 9 231
0 19 44 9 232
0 19 45 9 233
0 19 46 9 234
0 19 47 9 235
0 19 48 9 236
0 19 49 9 237
0 19 50 9 238
0 19 51 9 239
0 19 52 10 0
0 19 53 10 1
0 19 54 10 2
0 19 55 10 3
0 19 56 10 4
0 19 57 10 5
0 19 58 10 6
0 19 59 10 7
0 19 60 10 8
0 19 61 10 9
0 19 62 10 10
0 19 63 10 11
0 19 64 10 12
0 19 65 10 13
0 19 66 10 14
0 19 67 10 15
0 20 0 10 16
0 20 1 10 17
0 20 2 10 18
0 20 3 10 19
0 20 4 10 20
0 20 5 10 21
0 20 6 10 22
0 20 7 10 23
0 20 8 10 24
0 20 9 10 25
0 20 10 10 26
0 20 11 10 27
0 20 12 10 28
0 20 13 10 29
0 20 14 10 30
0 20 15 10 31
0 20 16 10 32
0 20 17 10 33
0 20 18 10 34
0 20 19 10 35
0 20 20 10 36
0 20 21 10 37
0 20 22 10 38
0 20 23 10 39
0 20 24 10 40
0 20 25 10 41
0 20 26 10 42
0 20 27 10 43
0 20 28 10 44
0 20 29 10 45
0 20 30 10 46
0 20 31 10 47
0 20 32 10 48
0 20 33 10 49
0 20 34 10 50
0 20 35 10 51
0 20 36 10 52
0 20 37 10 53
0 20 38 10 54
0 20 39 10 55
0 20 40 10 56
0 20 41 10 57
0 20 42 10 58
0 20 43 10 59
0 20 44 10 60
0 20 45 10 61
0 20 46 10 62
0 20 47 10 63
0 20 48 10 64
0 20 49 10 65
0 20 50 10 66
0 20 51 10 67
0 20 52 10 68
0 20 53 10 69
0 20 54 10 70
0 20 55 10 71
0 20 56 10 72
0 20 57 10 73
0 20 58 10 74
0 20 59 10 75
0 20 60 10 76
0 20 61 10 77
0 20 62 10 78
0 20 63 10 79
0 20 64 10 80
0 20 65 10 81
0 20 66 10 82
0 20 67 10 83
0 21 0 10 84
0 21 1 10 85
0 21 2 10 86
0 21 3 10 87
0 21 4 10 88
0 21 5 10 89
0 21 6 10 90
0 21 7 10 91
0 21 8 10 92
0 21 9 10 93
0 21 10 10 94
0 21 11 10 95
0 21 12 10 96
0 21 13 10 97
0 21 14 10 98
0 21 15 10 99
0 21 16 10 100
0 21 17 10 101
0 21 18 10 102
0 21 19 10 103
0 21 20 10 104
0 21 21 10 105
0 21 22 10 106
0 21 23 10 107
0 21 24 10 108
0 21 25 10 109
0 21 26 10 110
0 21 27 10 111
0 21 28 10 112
0 21 29 10 113
0 21 30 10 114
0 21 31 10 115
0 21 32 10 116
0 21 33 10 117
0 21 34 10 118
0 21 35 10 119
0 21 36 10 120
0 21 37 10 121
0 21 38 10 122
0 21 39 10 123
0 21 40 10 124
0 21 41 10 125
0 21 42 10 126
0 21 43 10 127
0 21 44 10 128
0 21 45 10 129
0 21 46 10 130
0 21 47 10 131
0 21 48 10 132
0 21 49 10 133
0 21 50 10 134
0 21 51 10 135
0 21 52 10 136
0 21 53 10 137
0 21 54 10 138
0 21 55 10 139
0 21 56 10 140
0 21 57 10 141
0 21 58 10 142
0 21 59 10 143
0 21 60 10 144
0 21 61 10 145
0 21 62 10 146
0 21 63 10 147
0 21 64 10 148
0 21 65 10 149
0 21 66 10 150
0 21 67 10 151
0 22 0 10 152
0 22 1 10 153
0 22 2 10 154
0 22 3 10 155
0 22 4 10 156
0 22 5 10 157
0 22 6 10 158
0 22 7 10 159
0 22 8 10 160
0 22 9 10 161
0 22 10 10 162
0 22 11 10 163
0 22 12 10 164
0 22 13 10 165
0 22 14 10 166
0 22 15 10 167
0 22 16 10 168
0 22 17 10 169
0 22 18 10 170
0 22 19 10 171
0 22 20 10 172
0 22 21 10 173
0 22 22 10 174
0 22 23 10 175
0 22 24 10 176
0 22 25 10 177
0 22 26 10 178
0 22 27 10 179
0 22 28 10 180
0 22 29 10 181
0 22 30 10 182
0 22 31 10 183
0 22 32 10 184
0 22 33 10 185
0 22 34 10 186
0 22 35 10 187
0 22 36 10 188
0 22 37 10 189
0 22 38 10 190
0 22 39 10 191
0 22 40 10 192
0 22 41 10 193
0 22 42 10 194
0 22 43 10 195
0 22 44 10 196
0 22 45 10 197
0 22 46 10 198
0 22 47 10 199
0 22 48 10 200
0 22 49 10 201
0 22 50 10 202
0 22 51 10 203
0 22 52 10 204
0 22 53 10 205
0 22 54 10 206
0 22 55 10 207
0 22 56 11 0
0 22 57 11 1
0 22 58 11 2
0 22 59 11 3
0 22 60 11 4
0 22 61 11 5
0 22 62 11 6
0 22 63 11 7
0 22 64 11 8
0 22 65 11 9
0 22 66 11 10
0 22 67 11 11
0 23 0 11 12
0 23 1 11 13
0 23 2 11 14
0 23 3 11 15
0 23 4 11 16
0 23 5 11 17
0 23 6 11 18
0 23 7 11 19
0 23 8 11 20
0 23 9 11 21
0 23 10 11 22
0 23 11 11 23
0 23 12 11 24
0 23 13 11 25
0 23 14 11 26
0 23 15 11 27
0 23 16 11 28
0 23 17 11 29
0 23 18 11 30
0 23 19 11 31
0 23 20 11 32
0 23 21 11 33
0 23 22 11 34
0 23 23 11 35
0 23 24 11 36
0 23 25 11 37
0 23 26 11 38
0 23 27 11 39
0 23 28 11 40
0 23 29 11 41
0 23 30 11 42
0 23 31 11 43
0 23 32 11 44
0 23 33 11 45
0 23 34 11 46
0 23 35 11 47
0 23 36 11 48
0 23 37 11 49
0 23 38 11 50
0 23 39 11 51
0 23 40 11 52
0 23 41 11 53
0 23 42 11 54
0 23 43 11 55
0 23 44 11 56
0 23 45 11 57
0 23 46 11 58
0 23 47 11 59
0 23 48 11 60
0 23 49 11 61
0 23 50 11 62
0 23 51 11 63
0 23 52 11 64
0 23 53 11 65
0 23 54 11 66
0 23 55 11 67
0 23 56 11 68
0 23 57 11 69
0 23 58 11 70
0 23 59 11 71
0 23 60 11 72
0 23 61 11 73
0 23 62 11 74
0 23 63 11 75
0 23 64 11 76
0 23 65 11 77
0 23 66 11 78
0 23 67 11 79
0 24 0 11 80
0 24 1 11 81
0 24 2 11 82
0 24 3 11 83
0 24 4 11 84
0 24 5 11 85
0 24 6 11 86
0 24 7 11 87
0 24 8 11 88
0 24 9 11 89
0 24 10 11 90
0 24 11 11 91
0 24 12 11 92
0 24 13 11 93
0 24 14 11 94
0 24 15 11 95
0 24 16 11 96
0 24 17 11 97
0 24 18 11 98
0 24 19 11 99
0 24 20 11 100
0 24 21 11 101
0 24 22 11 102
0 24 23 11 103
0 24 24 11 104
0 24 25 11 105
0 24 26 11 106
0 24 27 11 107
0 24 28 11 108
0 24 29 11 109
0 24 30 11 110
0 24 31 11 111
0 24 32 11 112
0 24 33 11 113
0 24 34 11 114
0 24 35 11 115
0 24 36 11 116
0 24 37 11 117
0 24 38 11 118
0 24 39 11 119
0 24 40 11 120
0 24 41 11 121
0 24 42 11 122
0 24 43 11 123
0 24 44 11 124
0 24 45 11 125
0 24 46 11 126
0 24 47 11 127
0 24 48 11 128
0 24 49 11 129
0 24 50 11 130
0 24 51 11 131
0 24 52 11 132
0 24 53 11 133
0 24 54 11 134
0 24 55 11 135
0 24 56 11 136
0 24 57 11 137
0 24 58 11 138
0 24 59 11 139
0 24 60 11 140
0 24 61 11 141
0 24 62 11 142
0 24 63 11 143
0 24 64 11 144
0 24 65 11 145
0 24 66 11 146
0 24 67 11 147
0 25 0 11 148
0 25 1 11 149
0 25 2 11 150
0 25 3 11 151
0 25 4 11 152
0 25 5 11 153
0 25 6 11 154
0 25 7 11 155
0 25 8 11 156
0 25 9 11 157
0 25 10 11 158
0 25 11 11 159
0 25 12 11 160
0 25 13 11 161
0 25 14 11 162
0 25 15 11 163
0 25 16 11 164
0 25 17 11 165
0 25 18 11 166
0 25 19 11 167
0 25 20 11 168
0 25 21 11 169
0 25 22 11 170
0 25 23 11 171
0 25 24 11 172
0 25 25 11 173
0 25 26 11 174
0 25 27 11 175
0 25 28 11 176
0 25 29 11 177
0 25 30 11 178
0 25 31 11 179
0 25 32 11 180
0 25 33 11 181
0 25 34 11 182
0 25 35 11 183
0 25 36 11 184
0 25 37 11 185
0 25 38 11 186
0 25 39 11 187
0 25 40 11 188
0 25 41 11 189
0 25 42 11 190
0 25 43 11 191
0 25 44 11 192
0 25 45 11 193
0 25 46 11 194
0 25 47 11 195
0 25 48 11 196
0 25 49 11 197
0 25 50 11 198
0 25 51 11 199
0 25 52 11 200
0 25 53 11 201
0 25 54 11 202
0 25 55 11 203
0 25 56 11 204
0 25 57 11 205
0 25 58 11 206
0 25 59 11 207
0 25 60 11 208
0 25 61 11 209
0 25 62 11 210
0 25 63 11 211
0 25 64 11 212
0 25 65 11 213
0 25 66 11 214
0 25 67 11 215
0 26 0 11 216
0 26 1 11 217
0 26 2 12 0
0 26 3 12 1
0 26 4 12 2
0 26 5 12 3
0 26 6 12 4
0 26 7 12 5
0 26 8 12 6
0 26 9 12 7
0 26 10 12 8
0 26 11 12 9
0 26 12 12 10
0 26 13 12 11
0 26 14 12 12
0 26 15 12 13
0 26 16 12 14
0 26 17 12 15
0 26 18 12 16
0 26 19 12 17
0 26 20 12 18
0 26 21 12 19
0 26 22 12 20
0 26 23 12 21
0 26 24 12 22
0 26 25 12 23
0 26 26 12 24
0 26 27 12 25
0 26 28 12 26
0 26 29 12 27
0 26 30 12 28
0 26 31 12 29
0 26 32 12 30
0 26 33 12 31
0 26 34 12 32
0 26 35 12 33
0 26 36 12 34
0 26 37 12 35
0 26 38 12 36
0 26 39 12 37
0 26 40 12 38
0 26 41 12 39
0 26 42 12 40
0 26 43 12 41
0 26 44 12 42
0 26 45 12 43
0 26 46 12 44
0 26 47 12 45
0 26 48 12 46
0 26 49 12 47
0 26 50 12 48
0 26 51 12 49
0 26 52 12 50
0 26 53 12 51
0 26 54 12 52
0 26 55 12 53
0 26 56 12 54
0 26 57 12 55
0 26 58 12 56
0 26 59 12 57
0 26 60 12 58
0 26 61 12 59
0 26 62 12 60
0 26 63 12 61
0 26 64 12 62
0 26 65 12 63
0 26 66 12 64
0 26 67 12 65
0 27 0 12 66
0 27 1 12 67
0 27 2 12 68
0 27 3 12 69
0 27 4 12 70
0 27 5 12 71
0 27 6 12 72
0 27 7 12 73
0 27 8 12 74
0 27 9 12 75
0 27 10 12 76
0 27 11 12 77
0 27 12 12 78
0 27 13 12 79
0 27 14 12 80
0 27 15 12 81
0 27 16 12 82
0 27 17 12 83
0 27 18 12 84
0 27 19 12 85
0 27 20 12 86
0 27 21 12 87
0 27 22 12 88
0 27 23 12 89
0 27 24 12 90
0 27 25 12 91
0 27 26 12 92
0 27 27 12 93
0 27 28 12 94
0 27 29 12 95
0 27 30 12 96
0 27 31 12 97
0 27 32 12 98
0 27 33 12 99
0 27 34 12 100
0 27 35 12 101
0 27 36 12 102
0 27 37 12 103
0 27 38 12 104
0 27 39 12 105
0 27 40 12 106
0 27 41 12 107
0 27 42 12 108
0 27 43 12 109
0 27 44 12 110
0 27 45 12 111
0 27 46 12 112
0 27 47 12 113
0 27 48 12 114
0 27 49 12 115
0 27 50 12 116
0 27 51 12 117
0 27 52 12 118
0 27 53 12 119
0 27 54 12 120
0 27 55 12 121
0 27 56 12 122
0 27 57 12 123
0 27 58 12 124
0 27 59 12 125
0 27 60 12 126
0 27 61 12 127
0 27 62 12 128
0 27 63 12 129
0 27 64 12 130
0 27 65 12 131
0 27 66 12 132
0 27 67 12 133
0 28 0 12 134
0 28 1 12 135
0 28 2 12 136
0 28 3 12 137
0 28 4 12 138
0 28 5 12 139
0 28 6 12 140
0 28 7 12 141
0 28 8 12 142
0 28 9 12 143
0 28 10 12 144
0 28 11 12 145
0 28 12 12 146
0 28 13 12 147
0 28 14 12 148
0 28 15 12 149
0 28 16 12 150
0 28 17 12 151
0 28 18 12 152
0 28 19 12 153
0 28 20 12 154
0 28 21 12 155
0 28 22 12 156
0 28 23 12 157
0 28 24 12 158
0 28 25 12 159
0 28 26 12 160
0 28 27 12 161
0 28 28 12 162
0 28 29 12 163
0 28 30 12 164
0 28 31 12 165
0 28 32 12 166
0 28 33 12 167
0 28 34 12 168
0 28 35 12 169
0 28 36 12 170
0 28 37 12 171
0 28 38 12 172
0 28 39 12 173
0 28 40 12 174
0 28 41 12 175
0 28 42 12 176
0 28 43 12 177
0 28 44 12 178
0 28 45 12 179
0 28 46 12 180
0 28 47 12 181
0 28 48 12 182
0 28 49 12 183
0 28 50 12 184
0 28 51 12 185
0 28 52 12 186
0 28 53 12 187
0 28 54 12 188
0 28 55 12 189
0 28 56 12 190
0 28 57 12 191
0 28 58 12 192
0 28 59 12 193
0 28 60 12 194
0 28 61 12 195
0 28 62 12 196
0 28 63 12 197
0 28 64 12 198
0 28 65 12 199
0 28 66 12 200
0 28 67 12 201
0 29 0 12 202
0 29 1 12 203
0 29 2 12 204
0 29 3 12 205
0 29 4 12 206
0 29 5 12 207
0 29 6 12 208
0 29 7 12 209
0 29 8 12 210
0 29 9 12 211
0 29 10 12 212
0 29 11 12 213
0 29 12 12 214
0 29 13 12 215
0 29 14 12 216
0 29 15 12 217
0 29 16 12 218
0 29 17 12 219
0 29 18 12 220
0 29 19 12 221
0 29 20 12 222
0 29 21 12 223
0 29 22 12 224
0 29 23 12 225
0 29 24 12 226
0 29 25 12 227
0 29 26 12 228
0 29 27 12 229
0 29 28 13 0
0 29 29 13 1
0 29 30 13 2
0 29 31 13 3
0 29 32 13 4
0 29 33 13 5
0 29 34 13 6
0 29 35 13 7
0 29 36 13 8
0 29 37 13 9
0 29 38 13 10
0 29 39 13 11
0 29 40 13 12
0 29 41 13 13
0 29 42 13 14
0 29 43 13 15
0 29 44 13 16
0 29 45 13 17
0 29 46 13 18
0 29 47 13 19
0 29 48 13 20
0 29 49 13 21
0 29 50 13 22
0 29 51 13 23
0 29 52 13 24
0 29 53 13 25
0 29 54 13 26
0 29 55 13 27
0 29 56 13 28
0 29 57 13 29
0 29 58 13 30
0 29 59 13 31
0 29 60 13 32
0 29 61 13 33
0 29 62 13 34
0 29 63 13 35
0 29 64 13 36
0 29 65 13 37
0 29 66 13 38
0 29 67 13 39
0 30 0 13 40
0 30 1 13 41
0 30 2 13 42
0 30 3 13 43
0 30 4 13 44
0 30 5 13 45
0 30 6 13 46
0 30 7 13 47
0 30 8 13 48
0 30 9 13 49
0 30 10 13 50
0 30 11 13 51
0 30 12 13 52
0 30 13 13 53
0 30 14 13 54
0 30 15 13 55
0 30 16 13 56
0 30 17 13 57
0 30 18 13 58
0 30 19 13 59
0 30 20 13 60
0 30 21 13 61
0 30 22 13 62
0 30 23 13 63
0 30 24 13 64
0 30 25 13 65
0 30 26 13 66
0 30 27 13 67
0 30 28 13 68
0 30 29 13 69
0 30 30 13 70
0 30 31 13 71
0 30 32 13 72
0 30 33 13 73
0 30 34 13 74
0 30 35 13 75
0 30 36 13 76
0 30 37 13 77
0 30 38 13 78
0 30 39 13 79
0 30 40 13 80
0 30 41 13 81
0 30 42 13 82
0 30 43 13 83
0 30 44 13 84
0 30 45 13 85
0 30 46 13 86
0 30 47 13 87
0 30 48 13 88
0 30 49 13 89
0 30 50 13 90
0 30 51 13 91
0 30 52 13 92
0 30 53 13 93
0 30 54 13 94
0 30 55 13 95
0 30 56 13 96
0 30 57 13 97
0 30 58 13 98
0 30 59 13 99
0 30 60 13 100
0 30 61 13 101
0 30 62 13 102
0 30 63 13 103
0 30 64 13 104
0 30 65 13 105
0 30 66 13 106
0 30 67 13 107
1 0 0 13 108
1 0 1 13 109
1 0 2 13 110
1 0 3 13 111
1 0 4 13 112
1 0 5 13 113
1 0 6 13 114
1 0 7 13 115
1 0 8 13 116
1 0 9 13 117
1 0 10 13 118
1 0 11 13 119
1 0 12 13 120
1 0 13 13 121
1 0 14 13 122
1 0 15 13 123
1 0 16 13 124
1 0 17 13 125
1 0 18 13 126
1 0 19 13 127
1 0 20 13 128
1 0 21 13 129
1 0 22 13 130
1 0 23 13 131
1 0 24 13 132
1 0 25 13 133
1 0 26 13 134
1 0 27 13 135
1 0 28 13 136
1 0 29 13 137
1 0 30 13 138
1 0 31 13 139
1 0 32 13 140
1 0 33 13 141
1 0 34 13 142
1 0 35 13 143
1 0 36 13 144
1 0 37 13 145
1 0 38 13 146
1 0 39 13 147
1 0 40 13 148
1 0 41 13 149
1 0 42 13 150
1 0 43 13 151
1 0 44 13 152
1 0 45 13 153
1 0 46 13 154
1 0 47 13 155
1 0 48 13 156
1 0 49 13 157
1 0 50 13 158
1 0 51 13 159
1 0 52 13 160
1 0 53 13 161
1 0 54 13 162
1 0 55 13 163
1 0 56 13 164
1 0 57 13 165
1 0 58 13 166
1 0 59 13 167
1 0 60 13 168
1 0 61 13 169
1 0 62 13 170
1 0 63 13 171
1 0 64 13 172
1 0 65 13 173
1 0 66 13 174
1 0 67 13 175
1 1 0 13 176
1 1 1 13 177
1 1 2 13 178
1 1 3 13 179
1 1 4 13 180
1 1 5 13 181
1 1 6 13 182
1 1 7 13 183
1 1 8 13 184
1 1 9 13 185
1 1 10 13 186
1 1 11 13 187
1 1 12 13 188
1 1 13 13 189
1 1 14 13 190
1 1 15 13 191
1 1 16 13 192
1 1 17 13 193
1 1 18 13 194
1 1 19 13 195
1 1 20 13 196
1 1 21 13 197
1 1 22 13 198
1 1 23 13 199
1 1 24 13 200
1 1 25 13 201
1 1 26 13 202
1 1 27 13 203
1 1 28 13 204
1 1 29 13 205
1 1 30 13 206
1 1 31 13 207
1 1 32 13 208
1 1 33 13 209
1 1 34 13 210
1 1 35 13 211
1 1 36 13 212
1 1 37 13 213
1 1 38 14 0
1 1 39 14 1
1 1 40 14 2
1 1 41 14 3
1 1 42 14 4
1 1 43 14 5
1 1 44 14 6
1 1 45 14 7
1 1 46 14 8
1 1 47 14 9
1 1 48 14 10
1 1 49 14 11
1 1 50 14 12
1 1 51 14 13
1 1 52 14 14
1 1 53 14 15
1 1 54 14 16
1 1 55 14 17
1 1 56 14 18
1 1 57 14 19
1 1 58 14 20
1 1 59 14 21
1 1 60 14 22
1 1 61 14 23
1 1 62 14 24
1 1 63 14 25
1 1 64 14 26
1 1 65 14 27
1 1 66 14 28
1 1 67 14 29
1 2 0 14 30
1 2 1 14 31
1 2 2 14 32
1 2 3 14 33
1 2 4 14 34
1 2 5 14 35
1 2 6 14 36
1 2 7 14 37
1 2 8 14 38
1 2 9 14 39
1 2 10 14 40
1 2 11 14 41
1 2 12 14 42
1 2 13 14 43
1 2 14 14 44
1 2 15 14 45
1 2 16 14 46
1 2 17 14 47
1 2 18 14 48
1 2 19 14 49
1 2 20 14 50
1 2 21 14 51
1 2 22 14 52
1 2 23 14 53
1 2 24 14 54
1 2 25 14 55
1 2 26 14 56
1 2 27 14 57
1 2 28 14 58
1 2 29 14 59
1 2 30 14 60
1 2 31 14 61
1 2 32 14 62
1 2 33 14 63
1 2 34 14 64
1 2 35 14 65
1 2 36 14 66
1 2 37 14 67
1 2 38 14 68
1 2 39 14 69
1 2 40 14 70
1 2 41 14 71
1 2 42 14 72
1 2 43 14 73
1 2 44 14 74
1 2 45 14 75
1 2 46 14 76
1 2 47 14 77
1 2 48 14 78
1 2 49 14 79
1 2 50 14 80
1 2 51 14 81
1 2 52 14 82
1 2 53 14 83
1 2 54 14 84
1 2 55 14 85
1 2 56 14 86
1 2 57 14 87
1 2 58 14 88
1 2 59 14 89
1 2 60 14 90
1 2 61 14 91
1 2 62 14 92
1 2 63 14 93
1 2 64 14 94
1 2 65 14 95
1 2 66 14 96
1 2 67 14 97
1 3 0 14 98
1 3 1 14 99
1 3 2 14 100
1 3 3 14 101
1 3 4 14 102
1 3 5 14 103
1 3 6 14 104
1 3 7 14 105
1 3 8 14 106
1 3 9 14 107
1 3 10 14 108
1 3 11 14 109
1 3 12 14 110
1 3 13 14 111
1 3 14 14 112
1 3 15 14 113
1 3 16 14 114
1 3 17 14 115
1 3 18 14 116
1 3 19 14 117
1 3 20 14 118
1 3 21 14 119
1 3 22 14 120
1 3 23 14 121
1 3 24 14 122
1 3 25 14 123
1 3 26 14 124
1 3 27 14 125
1 3 28 14 126
1 3 29 14 127
1 3 30 14 128
1 3 31 14 129
1 3 32 14 130
1 3 33 14 131
1 3 34 14 132
1 3 35 14 133
1 3 36 14 134
1 3 37 14 135
1 3 38 14 136
1 3 39 14 137
1 3 40 14 138
1 3 41 14 139
1 3 42 14 140
1 3 43 14 141
1 3 44 14 142
1 3 45 14 143
1 3 46 14 144
1 3 47 14 145
1 3 48 14 146
1 3 49 14 147
1 3 50 14 148
1 3 51 14 149
1 3 52 14 150
1 3 53 14 151
1 3 54 14 152
1 3 55 14 153
1 3 56 14 154
1 3 57 14 155
1 3 58 14 156
1 3 59 14 157
1 3 60 14 158
1 3 61 14 159
1 3 62 14 160
1 3 63 14 161
1 3 64 14 162
1 3 65 14 163
1 3 66 14 164
1 3 67 14 165
1 4 0 14 166
1 4 1 14 167
1 4 2 14 168
1 4 3 14 169
1 4 4 14 170
1 4 5 14 171
1 4 6 14 172
1 4 7 14 173
1 4 8 14 174
1 4 9 14 175
1 4 10 14 176
1 4 11 14 177
1 4 12 14 178
1 4 13 14 179
1 4 14 14 180
1 4 15 14 181
1 4 16 14 182
1 4 17 14 183
1 4 18 14 184
1 4 19 14 185
1 4 20 14 186
1 4 21 14 187
1 4 22 14 188
1 4 23 14 189
1 4 24 14 190
1 4 25 14 191
1 4 26 14 192
1 4 27 14 193
1 4 28 14 194
1 4 29 14 195
1 4 30 14 196
1 4 31 14 197
1 4 32 14 198
1 4 33 14 199
1 4 34 14 200
1 4 35 14 201
1 4 36 14 202
1 4 37 14 203
1 4 38 14 204
1 4 39 14 205
1 4 40 14 206
1 4 41 14 207
1 4 42 14 208
1 4 43 14 209
1 4 44 14 210
1 4 45 14 211
1 4 46 15 0
1 4 47 15 1
1 4 48 15 2
1 4 49 15 3
1 4 50 15 4
1 4 51 15 5
1 4 52 15 6
1 4 53 15 7
1 4 54 15 8
1 4 55 15 9
1 4 56 15 10
1 4 57 15 11
1 4 58 15 12
1 4 59 15 13
1 4 60 15 14
1 4 61 15 15
1 4 62 15 16
1 4 63 15 17
1 4 64 15 18
1 4 65 15 19
1 4 66 15 20
1 4 67 15 21
1 5 0 15 22
1 5 1 15 23
1 5 2 15 24
1 5 3 15 25
1 5 4 15 26
1 5 5 15 27
1 5 6 15 28
1 5 7 15 29
1 5 8 15 30
1 5 9 15 31
1 5 10 15 32
1 5 11 15 33
1 5 12 15 34
1 5 13 15 35
1 5 14 15 36
1 5 15 15 37
1 5 16 15 38
1 5 17 15 39
1 5 18 15 40
1 5 19 15 41
1 5 20 15 42
1 5 21 15 43
1 5 22 15 44
1 5 23 15 45
1 5 24 15 46
1 5 25 15 47
1 5 26 15 48
1 5 27 15 49
1 5 28 15 50
1 5 29 15 51
1 5 30 15 52
1 5 31 15 53
1 5 32 15 54
1 5 33 15 55
1 5 34 15 56
1 5 35 15 57
1 5 36 15 58
1 5 37 15 59
1 5 38 15 60
1 5 39 15 61
1 5 40 15 62
1 5 41 15 63
1 5 42 15 64
1 5 43 15 65
1 5 44 15 66
1 5 45 15 67
1 5 46 15 68
1 5 47 15 69
1 5 48 15 70
1 5 49 15 71
1 5 50 15 72
1 5 51 15 73
1 5 52 15 74
1 5 53 15 75
1 5 54 15 76
1 5 55 15 77
1 5 56 15 78
1 5 57 15 79
1 5 58 15 80
1 5 59 15 81
1 5 60 15 82
1 5 61 15 83
1 5 62 15 84
1 5 63 15 85
1 5 64 15 86
1 5 65 15 87
1 5 66 15 88
1 5 67 15 89
1 6 0 15 90
1 6 1 15 91
1 6 2 15 92
1 6 3 15 93
1 6 4 15 94
1 6 5 15 95
1 6 6 15 96
1 6 7 15 97
1 6 8 15 98
1 6 9 15 99
1 6 10 15 100
1 6 11 15 101
1 6 12 15 102
1 6 13 15 103
1 6 14 15 104
1 6 15 15 105
1 6 16 15 106
1 6 17 15 107
1 6 18 15 108
1 6 19 15 109
1 6 20 15 110
1 6 21 15 111
1 6 22 15 112
1 6 23 15 113
1 6 24 15 114
1 6 25 15 115
1 6 26 15 116
1 6 27 15 117
1 6 28 15 118
1 6 29 15 119
1 6 30 15 120
1 6 31 15 121
1 6 32 15 122
1 6 33 15 123
1 6 34 15 124
1 6 35 15 125
1 6 36 15 126
1 6 37 15 127
1 6 38 15 128
1 6 39 15 129
1 6 40 15 130
1 6 41 15 131
1 6 42 15 132
1 6 43 15 133
1 6 44 15 134
1 6 45 15 135
1 6 46 15 136
1 6 47 15 137
1 6 48 15 138
1 6 49 15 139
1 6 50 15 140
1 6 51 15 141
1 6 52 15 142
1 6 53 15 143
1 6 54 15 144
1 6 55 15 145
1 6 56 15 146
1 6 57 15 147
1 6 58 15 148
1 6 59 15 149
1 6 60 15 150
1 6 61 15 151
1 6 62 15 152
1 6 63 15 153
1 6 64 15 154
1 6 65 15 155
1 6 66 15 156
1 6 67 15 157
1 7 0 15 158
1 7 1 15 159
1 7 2 15 160
1 7 3 15 161
1 7 4 15 162
1 7 5 15 163
1 7 6 15 164
1 7 7 15 165
1 7 8 15 166
1 7 9 15 167
1 7 10 15 168
1 7 11 15 169
1 7 12 15 170
1 7 13 15 171
1 7 14 15 172
1 7 15 15 173
1 7 16 15 174
1 7 17 15 175
1 7 18 15 176
1 7 19 15 177
1 7 20 15 178
1 7 21 15 179
1 7 22 15 180
1 7 23 15 181
1 7 24 15 182
1 7 25 15 183
1 7 26 15 184
1 7 27 15 185
1 7 28 15 186
1 7 29 15 187
1 7 30 15 188
1 7 31 15 189
1 7 32 15 190
1 7 33 15 191
1 7 34 15 192
1 7 35 15 193
1 7 36 15 194
1 7 37 15 195
1 7 38 15 196
1 7 39 15 197
1 7 40 15 198
1 7 41 15 199
1 7 42 15 200
1 7 43 15 201
1 7 44 15 202
1 7 45 15 203
1 7 46 15 204
1 7 47 15 205
1 7 48 15 206
1 7 49 15 207
1 7 50 15 208
1 7 51 15 209
1 7 52 15 210
1 7 53 15 211
1 7 54 15 212
1 7 55 15 213
1 7 56 16 0
1 7 57 16 1
1 7 58 16 2
1 7 59 16 3
1 7 60 16 4
1 7 61 16 5
1 7 62 16 6
1 7 63 16 7
1 7 64 16 8
1 7 65 16 9
1 7 66 16 10
1 7 67 16 11
1 8 0 16 12
1 8 1 16 13
1 8 2 16 14
1 8 3 16 15
1 8 4 16 16
1 8 5 16 17
1 8 6 16 18
1 8 7 16 19
1 8 8 16 20
1 8 9 16 21
1 8 10 16 22
1 8 11 16 23
1 8 12 16 24
1 8 13 16 25
1 8 14 16 26
1 8 15 16 27
1 8 16 16 28
1 8 17 16 29
1 8 18 16 30
1 8 19 16 31
1 8 20 16 32
1 8 21 16 33
1 8 22 16 34
1 8 23 16 35
1 8 24 16 36
1 8 25 16 37
1 8 26 16 38
1 8 27 16 39
1 8 28 16 40
1 8 29 16 41
1 8 30 16 42
1 8 31 16 43
1 8 32 16 44
1 8 33 16 45
1 8 34 16 46
1 8 35 16 47
1 8 36 16 48
1 8 37 16 49
1 8 38 16 50
1 8 39 16 51
1 8 40 16 52
1 8 41 16 53
1 8 42 16 54
1 8 43 16 55
1 8 44 16 56
1 8 45 16 57
1 8 46 16 58
1 8 47 16 59
1 8 48 16 60
1 8 49 16 61
1 8 50 16 62
1 8 51 16 63
1 8 52 16 64
1 8 53 16 65
1 8 54 16 66
1 8 55 16 67
1 8 56 16 68
1 8 57 16 69
1 8 58 16 70
1 8 59 16 71
1 8 60 16 72
1 8 61 16 73
1 8 62 16 74
1 8 63 16 75
1 8 64 16 76
1 8 65 16 77
1 8 66 16 78
1 8 67 16 79
1 9 0 16 80
1 9 1 16 81
1 9 2 16 82
1 9 3 16 83
1 9 4 16 84
1 9 5 16 85
1 9 6 16 86
1 9 7 16 87
1 9 8 16 88
1 9 9 16 89
1 9 10 16 90
1 9 11 16 91
1 9 12 16 92
1 9 13 16 93
1 9 14 16 94
1 9 15 16 95
1 9 16 16 96
1 9 17 16 97
1 9 18 16 98
1 9 19 16 99
1 9 20 16 100
1 9 21 16 101
1 9 22 16 102
1 9 23 16 103
1 9 24 16 104
1 9 25 16 105
1 9 26 16 106
1 9 27 16 107
1 9 28 16 108
1 9 29 16 109
1 9 30 16 110
1 9 31 16 111
1 9 32 16 112
1 9 33 16 113
1 9 34 16 114
1 9 35 16 115
1 9 36 16 116
1 9 37 16 117
1 9 38 16 118
1 9 39 16 119
1 9 40 16 120
1 9 41 16 121
1 9 42 16 122
1 9 43 16 123
1 9 44 16 124
1 9 45 16 125
1 9 46 16 126
1 9 47 16 127
1 9 48 16 128
1 9 49 16 129
1 9 50 16 130
1 9 51 16 131
1 9 52 16 132
1 9 53 16 133
1 9 54 16 134
1 9 55 16 135
1 9 56 16 136
1 9 57 16 137
1 9 58 16 138
1 9 59 16 139
1 9 60 16 140
1 9 61 16 141
1 9 62 16 142
1 9 63 16 143
1 9 64 16 144
1 9 65 16 145
1 9 66 16 146
1 9 67 16 147
1 10 0 16 148
1 10 1 16 149
1 10 2 16 150
1 10 3 16 151
1 10 4 16 152
1 10 5 16 153
1 10 6 16 154
1 10 7 16 155
1 10 8 16 156
1 10 9 16 157
1 10 10 16 158
1 10 11 16 159
1 10 12 16 160
1 10 13 16 161
1 10 14 16 162
1 10 15 16 163
1 10 16 16 164
1 10 17 16 165
1 10 18 16 166
1 10 19 16 167
1 10 20 16 168
1 10 21 16 169
1 10 22 16 170
1 10 23 16 171
1 10 24 16 172
1 10 25 16 173
1 10 26 16 174
1 10 27 16 175
1 10 28 16 176
1 10 29 16 177
1 10 30 16 178
1 10 31 16 179
1 10 32 16 180
1 10 33 16 181
1 10 34 16 182
1 10 35 16 183
1 10 36 16 184
1 10 37 16 185
1 10 38 16 186
1 10 39 16 187
1 10 40 16 188
1 10 41 16 189
1 10 42 16 190
1 10 43 16 191
1 10 44 16 192
1 10 45 16 193
1 10 46 16 194
1 10 47 16 195
1 10 48 16 196
1 10 49 16 197
1 10 50 16 198
1 10 51 16 199
1 10 52 16 200
1 10 53 16 201
1 10 54 16 202
1 10 55 16 203
1 10 56 16 204
1 10 57 16 205
1 10 58 16 206
1 10 59 16 207
1 10 60 16 208
1 10 61 16 209
1 10 62 16 210
1 10 63 16 211
1 10 64 16 212
1 10 65 16 213
1 10 66 16 214
1 10 67 16 215
1 11 0 16 216
1 11 1 16 217
1 11 2 16 218
1 11 3 16 219
1 11 4 17 0
1 11 5 17 1
1 11 6 17 2
1 11 7 17 3
1 11 8 17 4
1 11 9 17 5
1 11 10 17 6
1 11 11 17 7
1 11 12 17 8
1 11 13 17 9
1 11 14 17 10
1 11 15 17 11
1 11 16 17 12
1 11 17 17 13
1 11 18 17 14
1 11 19 17 15
1 11 20 17 16
1 11 21 17 17
1 11 22 17 18
1 11 23 17 19
1 11 24 17 20
1 11 25 17 21
1 11 26 17 22
1 11 27 17 23
1 11 28 17 24
1 11 29 17 25
1 11 30 17 26
1 11 31 17 27
1 11 32 17 28
1 11 33 17 29
1 11 34 17 30
1 11 35 17 31
1 11 36 17 32
1 11 37 17 33
1 11 38 17 34
1 11 39 17 35
1 11 40 17 36
1 11 41 17 37
1 11 42 17 38
1 11 43 17 39
1 11 44 17 40
1 11 45 17 41
1 11 46 17 42
1 11 47 17 43
1 11 48 17 44
1 11 49 17 45
1 11 50 17 46
1 11 51 17 47
1 11 52 17 48
1 11 53 17 49
1 11 54 17 50
1 11 55 17 51
1 11 56 17 52
1 11 57 17 53
1 11 58 17 54
1 11 59 17 55
1 11 60 17 56
1 11 61 17 57
1 11 62 17 58
1 11 63 17 59
1 11 64 17 60
1 11 65 17 61
1 11 66 17 62
1 11 67 17 63
1 12 0 17 64
1 12 1 17 65
1 12 2 17 66
1 12 3 17 67
1 12 4 17 68
1 12 5 17 69
1 12 6 17 70
1 12 7 17 71
1 12 8 17 72
1 12 9 17 73
1 12 10 17 74
1 12 11 17 75
1 12 12 17 76
1 12 13 17 77
1 12 14 17 78
1 12 15 17 79
1 12 16 17 80
1 12 17 17 81
1 12 18 17 82
1 12 19 17 83
1 12 20 17 84
1 12 21 17 85
1 12 22 17 86
1 12 23 17 87
1 12 24 17 88
1 12 25 17 89
1 12 26 17 90
1 12 27 17 91
1 12 28 17 92
1 12 29 17 93
1 12 30 17 94
1 12 31 17 95
1 12 32 17 96
1 12 33 17 97
1 12 34 17 98
1 12 35 17 99
1 12 36 17 100
1 12 37 17 101
1 12 38 17 102
1 12 39 17 103
1 12 40 17 104
1 12 41 17 105
1 12 42 17 106
1 12 43 17 107
1 12 44 17 108
1 12 45 17 109
1 12 46 17 110
1 12 47 17 111
1 12 48 17 112
1 12 49 17 113
1 12 50 17 114
1 12 51 17 115
1 12 52 17 116
1 12 53 17 117
1 12 54 17 118
1 12 55 17 119
1 12 56 17 120
1 12 57 17 121
1 12 58 17 122
1 12 59 17 123
1 12 60 17 124
1 12 61 17 125
1 12 62 17 126
1 12 63 17 127
1 12 64 17 128
1 12 65 17 129
1 12 66 17 130
1 12 67 17 131
1 13 0 17 132
1 13 1 17 133
1 13 2 17 134
1 13 3 17 135
1 13 4 17 136
1 13 5 17 137
1 13 6 17 138
1 13 7 17 139
1 13 8 17 140
1 13 9 17 141
1 13 10 17 142
1 13 11 17 143
1 13 12 17 144
1 13 13 17 145
1 13 14 17 146
1 13 15 17 147
1 13 16 17 148
1 13 17 17 149
1 13 18 17 150
1 13 19 17 151
1 13 20 17 152
1 13 21 17 153
1 13 22 17 154
1 13 23 17 155
1 13 24 17 156
1 13 25 17 157
1 13 26 17 158
1 13 27 17 159
1 13 28 17 160
1 13 29 17 161
1 13 30 17 162
1 13 31 17 163
1 13 32 17 164
1 13 33 17 165
1 13 34 17 166
1 13 35 17 167
1 13 36 17 168
1 13 37 17 169
1 13 38 17 170
1 13 39 17 171
1 13 40 17 172
1 13 41 17 173
1 13 42 17 174
1 13 43 17 175
1 13 44 17 176
1 13 45 17 177
1 13 46 17 178
1 13 47 17 179
1 13 48 17 180
1 13 49 17 181
1 13 50 17 182
1 13 51 17 183
1 13 52 17 184
1 13 53 17 185
1 13 54 17 186
1 13 55 17 187
1 13 56 17 188
1 13 57 17 189
1 13 58 17 190
1 13 59 17 191
1 13 60 17 192
1 13 61 17 193
1 13 62 17 194
1 13 63 17 195
1 13 64 17 196
1 13 65 17 197
1 13 66 17 198
1 13 67 17 199
1 14 0 17 200
1 14 1 17 201
1 14 2 17 202
1 14 3 17 203
1 14 4 17 204
1 14 5 17 205
1 14 6 17 206
1 14 7 17 207
1 14 8 17 208
1 14 9 17 209
1 14 10 17 210
1 14 11 17 211
1 14 12 17 212
1 14 13 17 213
1 14 14 17 214
1 14 15 17 215
1 14 16 17 216
1 14 17 17 217
1 14 18 17 218
1 14 19 17 219
1 14 20 17 220
1 14 21 17 221
1 14 22 17 222
1 14 23 17 223
1 14 24 18 0
1 14 25 18 1
1 14 26 18 2
1 14 27 18 3
1 14 28 18 4
1 14 29 18 5
1 14 30 18 6
1 14 31 18 7
1 14 32 18 8
1 14 33 18 9
1 14 34 18 10
1 14 35 18 11
1 14 36 18 12
1 14 37 18 13
1 14 38 18 14
1 14 39 18 15
1 14 40 18 16
1 14 41 18 17
1 14 42 18 18
1 14 43 18 19
1 14 44 18 20
1 14 45 18 21
1 14 46 18 22
1 14 47 18 23
1 14 48 18 24
1 14 49 18 25
1 14 50 18 26
1 14 51 18 27
1 14 52 18 28
1 14 53 18 29
1 14 54 18 30
1 14 55 18 31
1 14 56 18 32
1 14 57 18 33
1 14 58 18 34
1 14 59 18 35
1 14 60 18 36
1 14 61 18 37
1 14 62 18 38
1 14 63 18 39
1 14 64 18 40
1 14 65 18 41
1 14 66 18 42
1 14 67 18 43
1 15 0 18 44
1 15 1 18 45
1 15 2 18 46
1 15 3 18 47
1 15 4 18 48
1 15 5 18 49
1 15 6 18 50
1 15 7 18 51
1 15 8 18 52
1 15 9 18 53
1 15 10 18 54
1 15 11 18 55
1 15 12 18 56
1 15 13 18 57
1 15 14 18 58
1 15 15 18 59
1 15 16 18 60
1 15 17 18 61
1 15 18 18 62
1 15 19 18 63
1 15 20 18 64
1 15 21 18 65
1 15 22 18 66
1 15 23 18 67
1 15 24 18 68
1 15 25 18 69
1 15 26 18 70
1 15 27 18 71
1 15 28 18 72
1 15 29 18 73
1 15 30 18 74
1 15 31 18 75
1 15 32 18 76
1 15 33 18 77
1 15 34 18 78
1 15 35 18 79
1 15 36 18 80
1 15 37 18 81
1 15 38 18 82
1 15 39 18 83
1 15 40 18 84
1 15 41 18 85
1 15 42 18 86
1 15 43 18 87
1 15 44 18 88
1 15 45 18 89
1 15 46 18 90
1 15 47 18 91
1 15 48 18 92
1 15 49 18 93
1 15 50 18 94
1 15 51 18 95
1 15 52 18 96
1 15 53 18 97
1 15 54 18 98
1 15 55 18 99
1 15 56 18 100
1 15 57 18 101
1 15 58 18 102
1 15 59 18 103
1 15 60 18 104
1 15 61 18 105
1 15 62 18 106
1 15 63 18 107
1 15 64 18 108
1 15 65 18 109
1 15 66 18 110
1 15 67 18 111
1 16 0 18 112
1 16 1 18 113
1 16 2 18 114
1 16 3 18 115
1 16 4 18 116
1 16 5 18 117
1 16 6 18 118
1 16 7 18 119
1 16 8 18 120
1 16 9 18 121
1 16 10 18 122
1 16 11 18 123
1 16 12 18 124
1 16 13 18 125
1 16 14 18 126
1 16 15 18 127
1 16 16 18 128
1 16 17 18 129
1 16 18 18 130
1 16 19 18 131
1 16 20 18 132
1 16 21 18 133
1 16 22 18 134
1 16 23 18 135
1 16 24 18 136
1 16 25 18 137
1 16 26 18 138
1 16 27 18 139
1 16 28 18 140
1 16 29 18 141
1 16 30 18 142
1 16 31 18 143
1 16 32 18 144
1 16 33 18 145
1 16 34 18 146
1 16 35 18 147
1 16 36 18 148
1 16 37 18 149
1 16 38 18 150
1 16 39 18 151
1 16 40 18 152
1 16 41 18 153
1 16 42 18 154
1 16 43 18 155
1 16 44 18 156
1 16 45 18 157
1 16 46 18 158
1 16 47 18 159
1 16 48 18 160
1 16 49 18 161
1 16 50 18 162
1 16 51 18 163
1 16 52 18 164
1 16 53 18 165
1 16 54 18 166
1 16 55 18 167
1 16 56 18 168
1 16 57 18 169
1 16 58 18 170
1 16 59 18 171
1 16 60 18 172
1 16 61 18 173
1 16 62 18 174
1 16 63 18 175
1 16 64 18 176
1 16 65 18 177
1 16 66 18 178
1 16 67 18 179
1 17 0 18 180
1 17 1 18 181
1 17 2 18 182
1 17 3 18 183
1 17 4 18 184
1 17 5 18 185
1 17 6 18 186
1 17 7 18 187
1 17 8 18 188
1 17 9 18 189
1 17 10 18 190
1 17 11 18 191
1 17 12 18 192
1 17 13 18 193
1 17 14 18 194
1 17 15 18 195
1 17 16 18 196
1 17 17 18 197
1 17 18 18 198
1 17 19 18 199
1 17 20 18 200
1 17 21 18 201
1 17 22 18 202
1 17 23 18 203
1 17 24 18 204
1 17 25 18 205
1 17 26 18 206
1 17 27 18 207
1 17 28 18 208
1 17 29 18 209
1 17 30 18 210
1 17 31 18 211
1 17 32 18 212
1 17 33 18 213
1 17 34 18 214
1 17 35 18 215
1 17 36 18 216
1 17 37 18 217
1 17 38 18 218
1 17 39 18 219
1 17 40 18 220
1 17 41 18 221
1 17 42 18 222
1 17 43 18 223
1 17 44 18 224
1 17 45 18 225
1 17 46 18 226
1 17 47 18 227
1 17 48 18 228
1 17 49 18 229
1 17 50 18 230
1 17 51 18 231
1 17 52 19 0
1 17 53 19 1
1 17 54 19 2
1 17 55 19 3
1 17 56 19 4
1 17 57 19 5
1 17 58 19 6
1 17 59 19 7
1 17 60 19 8
1 17 61 19 9
1 17 62 19 10
1 17 63 19 11
1 17 64 19 12
1 17 65 19 13
1 17 66 19 14
1 17 67 19 15
1 18 0 19 16
1 18 1 19 17
1 18 2 19 18
1 18 3 19 19
1 18 4 19 20
1 18 5 19 21
1 18 6 19 22
1 18 7 19 23
1 18 8 19 24
1 18 9 19 25
1 18 10 19 26
1 18 11 19 27
1 18 12 19 28
1 18 13 19 29
1 18 14 19 30
1 18 15 19 31
1 18 16 19 32
1 18 17 19 33
1 18 18 19 34
1 18 19 19 35
1 18 20 19 36
1 18 21 19 37
1 18 22 19 38
1 18 23 19 39
1 18 24 19 40
1 18 25 19 41
1 18 26 19 42
1 18 27 19 43
1 18 28 19 44
1 18 29 19 45
1 18 30 19 46
1 18 31 19 47
1 18 32 19 48
1 18 33 19 49
1 18 34 19 50
1 18 35 19 51
1 18 36 19 52
1 18 37 19 53
1 18 38 19 54
1 18 39 19 55
1 18 40 19 56
1 18 41 19 57
1 18 42 19 58
1 18 43 19 59
1 18 44 19 60
1 18 45 19 61
1 18 46 19 62
1 18 47 19 63
1 18 48 19 64
1 18 49 19 65
1 18 50 19 66
1 18 51 19 67
1 18 52 19 68
1 18 53 19 69
1 18 54 19 70
1 18 55 19 71
1 18 56 19 72
1 18 57 19 73
1 18 58 19 74
1 18 59 19 75
1 18 60 19 76
1 18 61 19 77
1 18 62 19 78
1 18 63 19 79
1 18 64 19 80
1 18 65 19 81
1 18 66 19 82
1 18 67 19 83
1 19 0 19 84
1 19 1 19 85
1 19 2 19 86
1 19 3 19 87
1 19 4 19 88
1 19 5 19 89
1 19 6 19 90
1 19 7 19 91
1 19 8 19 92
1 19 9 19 93
1 19 10 19 94
1 19 11 19 95
1 19 12 19 96
1 19 13 19 97
1 19 14 19 98
1 19 15 19 99
1 19 16 19 100
1 19 17 19 101
1 19 18 19 102
1 19 19 19 103
1 19 20 19 104
1 19 21 19 105
1 19 22 19 106
1 19 23 19 107
1 19 24 19 108
1 19 25 19 109
1 19 26 19 110
1 19 27 19 111
1 19 28 19 112
1 19 29 19 113
1 19 30 19 114
1 19 31 19 115
1 19 32 19 116
1 19 33 19 117
1 19 34 19 118
1 19 35 19 119
1 19 36 19 120
1 19 37 19 121
1 19 38 19 122
1 19 39 19 123
1 19 40 19 124
1 19 41 19 125
1 19 42 19 126
1 19 43 19 127
1 19 44 19 128
1 19 45 19 129
1 19 46 19 130
1 19 47 19 131
1 19 48 19 132
1 19 49 19 133
1 19 50 19 134
1 19 51 19 135
1 19 52 19 136
1 19 53 19 137
1 19 54 19 138
1 19 55 19 139
1 19 56 19 140
1 19 57 19 141
1 19 58 19 142
1 19 59 19 143
1 19 60 19 144
1 19 61 19 145
1 19 62 19 146
1 19 63 19 147
1 19 64 19 148
1 19 65 19 149
1 19 66 19 150
1 19 67 19 151
1 20 0 19 152
1 20 1 19 153
1 20 2 19 154
1 20 3 19 155
1 20 4 19 156
1 20 5 19 157
1 20 6 19 158
1 20 7 19 159
1 20 8 19 160
1 20 9 19 161
1 20 10 19 162
1 20 11 19 163
1 20 12 19 164
1 20 13 19 165
1 20 14 19 166
1 20 15 19 167
1 20 16 19 168
1 20 17 19 169
1 20 18 19 170
1 20 19 19 171
1 20 20 19 172
1 20 21 19 173
1 20 22 19 174
1 20 23 19 175
1 20 24 19 176
1 20 25 19 177
1 20 26 19 178
1 20 27 19 179
1 20 28 19 180
1 20 29 19 181
1 20 30 19 182
1 20 31 19 183
1 20 32 19 184
1 20 33 19 185
1 20 34 19 186
1 20 35 19 187
1 20 36 19 188
1 20 37 19 189
1 20 38 19 190
1 20 39 19 191
1 20 40 19 192
1 20 41 19 193
1 20 42 19 194
1 20 43 19 195
1 20 44 19 196
1 20 45 19 197
1 20 46 19 198
1 20 47 19 199
1 20 48 19 200
1 20 49 19 201
1 20 50 19 202
1 20 51 19 203
1 20 52 19 204
1 20 53 19 205
1 20 54 19 206
1 20 55 19 207
1 20 56 19 208
1 20 57 19 209
1 20 58 19 210
1 20 59 19 211
1 20 60 19 212
1 20 61 19 213
1 20 62 19 214
1 20 63 19 215
1 20 64 19 216
1 20 65 19 217
1 20 66 19 218
1 20 67 19 219
1 21 0 19 220
1 21 1 19 221
1 21 2 19 222
1 21 3 19 223
1 21 4 19 224
1 21 5 19 225
1 21 6 19 226
1 21 7 19 227
1 21 8 19 228
1 21 9 19 229
1 21 10 19 230
1 21 11 19 231
1 21 12 19 232
1 21 13 19 233
1 21 14 19 234
1 21 15 19 235
1 21 16 19 236
1 21 17 19 237
1 21 18 20 0
1 21 19 20 1
1 21 20 20 2
1 21 21 20 3
1 21 22 20 4
1 21 23 20 5
1 21 24 20 6
1 21 25 20 7
1 21 26 20 8
1 21 27 20 9
1 21 28 20 10
1 21 29 20 11
1 21 30 20 12
1 21 31 20 13
1 21 32 20 14
1 21 33 20 15
1 21 34 20 16
1 21 35 20 17
1 21 36 20 18
1 21 37 20 19
1 21 38 20 20
1 21 39 20 21
1 21 40 20 22
1 21 41 20 23
1 21 42 20 24
1 21 43 20 25
1 21 44 20 26
1 21 45 20 27
1 21 46 20 28
1 21 47 20 29
1 21 48 20 30
1 21 49 20 31
1 21 50 20 32
1 21 51 20 33
1 21 52 20 34
1 21 53 20 35
1 21 54 20 36
1 21 55 20 37
1 21 56 20 38
1 21 57 20 39
1 21 58 20 40
1 21 59 20 41
1 21 60 20 42
1 21 61 20 43
1 21 62 20 44
1 21 63 20 45
1 21 64 20 46
1 21 65 20 47
1 21 66 20 48
1 21 67 20 49
1 22 0 20 50
1 22 1 20 51
1 22 2 20 52
1 22 3 20 53
1 22 4 20 54
1 22 5 20 55
1 22 6 20 56
1 22 7 20 57
1 22 8 20 58
1 22 9 20 59
1 22 10 20 60
1 22 11 20 61
1 22 12 20 62
1 22 13 20 63
1 22 14 20 64
1 22 15 20 65
1 22 16 20 66
1 22 17 20 67
1 22 18 20 68
1 22 19 20 69
1 22 20 20 70
1 22 21 20 71
1 22 22 20 72
1 22 23 20 73
1 22 24 20 74
1 22 25 20 75
1 22 26 20 76
1 22 27 20 77
1 22 28 20 78
1 22 29 20 79
1 22 30 20 80
1 22 31 20 81
1 22 32 20 82
1 22 33 20 83
1 22 34 20 84
1 22 35 20 85
1 22 36 20 86
1 22 37 20 87
1 22 38 20 88
1 22 39 20 89
1 22 40 20 90
1 22 41 20 91
1 22 42 20 92
1 22 43 20 93
1 22 44 20 94
1 22 45 20 95
1 22 46 20 96
1 22 47 20 97
1 22 48 20 98
1 22 49 20 99
1 22 50 20 100
1 22 51 20 101
1 22 52 20 102
1 22 53 20 103
1 22 54 20 104
1 22 55 20 105
1 22 56 20 106
1 22 57 20 107
1 22 58 20 108
1 22 59 20 109
1 22 60 20 110
1 22 61 20 111
1 22 62 20 112
1 22 63 20 113
1 22 64 20 114
1 22 65 20 115
1 22 66 20 116
1 22 67 20 117
1 23 0 20 118
1 23 1 20 119
1 23 2 20 120
1 23 3 20 121
1 23 4 20 122
1 23 5 20 123
1 23 6 20 124
1 23 7 20 125
1 23 8 20 126
1 23 9 20 127
1 23 10 20 128
1 23 11 20 129
1 23 12 20 130
1 23 13 20 131
1 23 14 20 132
1 23 15 20 133
1 23 16 20 134
1 23 17 20 135
1 23 18 20 136
1 23 19 20 137
1 23 20 20 138
1 23 21 20 139
1 23 22 20 140
1 23 23 20 141
1 23 24 20 142
1 23 25 20 143
1 23 26 20 144
1 23 27 20 145
1 23 28 20 146
1 23 29 20 147
1 23 30 20 148
1 23 31 20 149
1 23 32 20 150
1 23 33 20 151
1 23 34 20 152
1 23 35 20 153
1 23 36 20 154
1 23 37 20 155
1 23 38 20 156
1 23 39 20 157
1 23 40 20 158
1 23 41 20 159
1 23 42 20 160
1 23 43 20 161
1 23 44 20 162
1 23 45 20 163
1 23 46 20 164
1 23 47 20 165
1 23 48 20 166
1 23 49 20 167
1 23 50 20 168
1 23 51 20 169
1 23 52 20 170
1 23 53 20 171
1 23 54 20 172
1 23 55 20 173
1 23 56 20 174
1 23 57 20 175
1 23 58 20 176
1 23 59 20 177
1 23 60 20 178
1 23 61 20 179
1 23 62 20 180
1 23 63 20 181
1 23 64 20 182
1 23 65 20 183
1 23 66 20 184
1 23 67 20 185
1 24 0 20 186
1 24 1 20 187
1 24 2 20 188
1 24 3 20 189
1 24 4 20 190
1 24 5 20 191
1 24 6 20 192
1 24 7 20 193
1 24 8 20 194
1 24 9 20 195
1 24 10 20 196
1 24 11 20 197
1 24 12 20 198
1 24 13 20 199
1 24 14 20 200
1 24 15 20 201
1 24 16 20 202
1 24 17 20 203
1 24 18 20 204
1 24 19 20 205
1 24 20 20 206
1 24 21 20 207
1 24 22 20 208
1 24 23 20 209
1 24 24 20 210
1 24 25 20 211
1 24 26 20 212
1 24 27 20 213
1 24 28 20 214
1 24 29 20 215
1 24 30 20 216
1 24 31 20 217
1 24 32 20 218
1 24 33 20 219
1 24 34 20 220
1 24 35 20 221
1 24 36 20 222
1 24 37 20 223
1 24 38 20 224
1 24 39 20 225
1 24 40 20 226
1 24 41 20 227
1 24 42 20 228
1 24 43 20 229
1 24 44 20 230
1 24 45 20 231
1 24 46 20 232
1 24 47 20 233
1 24 48 20 234
1 24 49 20 235
1 24 50 20 236
1 24 51 20 237
1 24 52 20 238
1 24 53 20 239
1 24 54 20 240
1 24 55 20 241
1 24 56 20 242
1 24 57 20 243
1 24 58 21 0
1 24 59 21 1
1 24 60 21 2
1 24 61 21 3
1 24 62 21 4
1 24 63 21 5
1 24 64 21 6
1 24 65 21 7
1 24 66 21 8
1 24 67 21 9
1 25 0 21 10
1 25 1 21 11
1 25 2 21 12
1 25 3 21 13
1 25 4 21 14
1 25 5 21 15
1 25 6 21 16
1 25 7 21 17
1 25 8 21 18
1 25 9 21 19
1 25 10 21 20
1 25 11 21 21
1 25 12 21 22
1 25 13 21 23
1 25 14 21 24
1 25 15 21 25
1 25 16 21 26
1 25 17 21 27
1 25 18 21 28
1 25 19 21 29
1 25 20 21 30
1 25 21 21 31
1 25 22 21 32
1 25 23 21 33
1 25 24 21 34
1 25 25 21 35
1 25 26 21 36
1 25 27 21 37
1 25 28 21 38
1 25 29 21 39
1 25 30 21 40
1 25 31 21 41
1 25 32 21 42
1 25 33 21 43
1 25 34 21 44
1 25 35 21 45
1 25 36 21 46
1 25 37 21 47
1 25 38 21 48
1 25 39 21 49
1 25 40 21 50
1 25 41 21 51
1 25 42 21 52
1 25 43 21 53
1 25 44 21 54
1 25 45 21 55
1 25 46 21 56
1 25 47 21 57
1 25 48 21 58
1 25 49 21 59
1 25 50 21 60
1 25 51 21 61
1 25 52 21 62
1 25 53 21 63
1 25 54 21 64
1 25 55 21 65
1 25 56 21 66
1 25 57 21 67
1 25 58 21 68
1 25 59 21 69
1 25 60 21 70
1 25 61 21 71
1 25 62 21 72
1 25 63 21 73
1 25 64 21 74
1 25 65 21 75
1 25 66 21 76
1 25 67 21 77
1 26 0 21 78
1 26 1 21 79
1 26 2 21 80
1 26 3 21 81
1 26 4 21 82
1 26 5 21 83
1 26 6 21 84
1 26 7 21 85
1 26 8 21 86
1 26 9 21 87
1 26 10 21 88
1 26 11 21 89
1 26 12 21 90
1 26 13 21 91
1 26 14 21 92
1 26 15 21 93
1 26 16 21 94
1 26 17 21 95
1 26 18 21 96
1 26 19 21 97
1 26 20 21 98
1 26 21 21 99
1 26 22 21 100
1 26 23 21 101
1 26 24 21 102
1 26 25 21 103
1 26 26 21 104
1 26 27 21 105
1 26 28 21 106
1 26 29 21 107
1 26 30 21 108
1 26 31 21 109
1 26 32 21 110
1 26 33 21 111
1 26 34 21 112
1 26 35 21 113
1 26 36 21 114
1 26 37 21 115
1 26 38 21 116
1 26 39 21 117
1 26 40 21 118
1 26 41 21 119
1 26 42 21 120
1 26 43 21 121
1 26 44 21 122
1 26 45 21 123
1 26 46 21 124
1 26 47 21 125
1 26 48 21 126
1 26 49 21 127
1 26 50 21 128
1 26 51 21 129
1 26 52 21 130
1 26 53 21 131
1 26 54 21 132
1 26 55 21 133
1 26 56 21 134
1 26 57 21 135
1 26 58 21 136
1 26 59 21 137
1 26 60 21 138
1 26 61 21 139
1 26 62 21 140
1 26 63 21 141
1 26 64 21 142
1 26 65 21 143
1 26 66 21 144
1 26 67 21 145
1 27 0 21 146
1 27 1 21 147
1 27 2 21 148
1 27 3 21 149
1 27 4 21 150
1 27 5 21 151
1 27 6 21 152
1 27 7 21 153
1 27 8 21 154
1 27 9 21 155
1 27 10 21 156
1 27 11 21 157
1 27 12 21 158
1 27 13 21 159
1 27 14 21 160
1 27 15 21 161
1 27 16 21 162
1 27 17 21 163
1 27 18 21 164
1 27 19 21 165
1 27 20 21 166
1 27 21 21 167
1 27 22 21 168
1 27 23 21 169
1 27 24 21 170
1 27 25 21 171
1 27 26 21 172
1 27 27 21 173
1 27 28 21 174
1 27 29 21 175
1 27 30 21 176
1 27 31 21 177
1 27 32 21 178
1 27 33 21 179
1 27 34 21 180
1 27 35 21 181
1 27 36 21 182
1 27 37 21 183
1 27 38 21 184
1 27 39 21 185
1 27 40 21 186
1 27 41 21 187
1 27 42 21 188
1 27 43 21 189
1 27 44 21 190
1 27 45 21 191
1 27 46 21 192
1 27 47 21 193
1 27 48 21 194
1 27 49 21 195
1 27 50 21 196
1 27 51 21 197
1 27 52 21 198
1 27 53 21 199
1 27 54 21 200
1 27 55 21 201
1 27 56 21 202
1 27 57 21 203
1 27 58 21 204
1 27 59 21 205
1 27 60 21 206
1 27 61 21 207
1 27 62 21 208
1 27 63 21 209
1 27 64 21 210
1 27 65 21 211
1 27 66 21 212
1 27 67 21 213
1 28 0 21 214
1 28 1 21 215
1 28 2 21 216
1 28 3 21 217
1 28 4 21 218
1 28 5 21 219
1 28 6 21 220
1 28 7 21 221
1 28 8 21 222
1 28 9 21 223
1 28 10 21 224
1 28 11 21 225
1 28 12 21 226
1 28 13 21 227
1 28 14 21 228
1 28 15 21 229
1 28 16 21 230
1 28 17 21 231
1 28 18 22 0
1 28 19 22 1
1 28 20 22 2
1 28 21 22 3
1 28 22 22 4
1 28 23 22 5
1 28 24 22 6
1 28 25 22 7
1 28 26 22 8
1 28 27 22 9
1 28 28 22 10
1 28 29 22 11
1 28 30 22 12
1 28 31 22 13
1 28 32 22 14
1 28 33 22 15
1 28 34 22 16
1 28 35 22 17
1 28 36 22 18
1 28 37 22 19
1 28 38 22 20
1 28 39 22 21
1 28 40 22 22
1 28 41 22 23
1 28 42 22 24
1 28 43 22 25
1 28 44 22 26
1 28 45 22 27
1 28 46 22 28
1 28 47 22 29
1 28 48 22 30
1 28 49 22 31
1 28 50 22 32
1 28 51 22 33
1 28 52 22 34
1 28 53 22 35
1 28 54 22 36
1 28 55 22 37
1 28 56 22 38
1 28 57 22 39
1 28 58 22 40
1 28 59 22 41
1 28 60 22 42
1 28 61 22 43
1 28 62 22 44
1 28 63 22 45
1 28 64 22 46
1 28 65 22 47
1 28 66 22 48
1 28 67 22 49
1 29 0 22 50
1 29 1 22 51
1 29 2 22 52
1 29 3 22 53
1 29 4 22 54
1 29 5 22 55
1 29 6 22 56
1 29 7 22 57
1 29 8 22 58
1 29 9 22 59
1 29 10 22 60
1 29 11 22 61
1 29 12 22 62
1 29 13 22 63
1 29 14 22 64
1 29 15 22 65
1 29 16 22 66
1 29 17 22 67
1 29 18 22 68
1 29 19 22 69
1 29 20 22 70
1 29 21 22 71
1 29 22 22 72
1 29 23 22 73
1 29 24 22 74
1 29 25 22 75
1 29 26 22 76
1 29 27 22 77
1 29 28 22 78
1 29 29 22 79
1 29 30 22 80
1 29 31 22 81
1 29 32 22 82
1 29 33 22 83
1 29 34 22 84
1 29 35 22 85
1 29 36 22 86
1 29 37 22 87
1 29 38 22 88
1 29 39 22 89
1 29 40 22 90
1 29 41 22 91
1 29 42 22 92
1 29 43 22 93
1 29 44 22 94
1 29 45 22 95
1 29 46 22 96
1 29 47 22 97
1 29 48 22 98
1 29 49 22 99
1 29 50 22 100
1 29 51 22 101
1 29 52 22 102
1 29 53 22 103
1 29 54 22 104
1 29 55 22 105
1 29 56 22 106
1 29 57 22 107
1 29 58 22 108
1 29 59 22 109
1 29 60 22 110
1 29 61 22 111
1 29 62 22 112
1 29 63 22 113
1 29 64 22 114
1 29 65 22 115
1 29 66 22 116
1 29 67 22 117
1 30 0 22 118
1 30 1 22 119
1 30 2 22 120
1 30 3 22 121
1 30 4 22 122
1 30 5 22 123
1 30 6 22 124
1 30 7 22 125
1 30 8 22 126
1 30 9 22 127
1 30 10 22 128
1 30 11 22 129
1 30 12 22 130
1 30 13 22 131
1 30 14 22 132
1 30 15 22 133
1 30 16 22 134
1 30 17 22 135
1 30 18 22 136
1 30 19 22 137
1 30 20 22 138
1 30 21 22 139
1 30 22 22 140
1 30 23 22 141
1 30 24 22 142
1 30 25 22 143
1 30 26 22 144
1 30 27 22 145
1 30 28 22 146
1 30 29 22 147
1 30 30 22 148
1 30 31 22 149
1 30 32 22 150
1 30 33 22 151
1 30 34 22 152
1 30 35 22 153
1 30 36 22 154
1 30 37 22 155
1 30 38 22 156
1 30 39 22 157
1 30 40 22 158
1 30 41 22 159
1 30 42 22 160
1 30 43 22 161
1 30 44 22 162
1 30 45 22 163
1 30 46 22 164
1 30 47 22 165
1 30 48 22 166
1 30 49 22 167
1 30 50 22 168
1 30 51 22 169
1 30 52 22 170
1 30 53 22 171
1 30 54 22 172
1 30 55 22 173
1 30 56 22 174
1 30 57 22 175
1 30 58 22 176
1 30 59 22 177
1 30 60 22 178
1 30 61 22 179
1 30 62 22 180
1 30 63 22 181
1 30 64 22 182
1 30 65 22 183
1 30 66 22 184
1 30 67 22 185
2 0 0 22 186
2 0 1 22 187
2 0 2 22 188
2 0 3 22 189
2 0 4 22 190
2 0 5 22 191
2 0 6 22 192
2 0 7 22 193
2 0 8 22 194
2 0 9 22 195
2 0 10 22 196
2 0 11 22 197
2 0 12 22 198
2 0 13 22 199
2 0 14 22 200
2 0 15 22 201
2 0 16 22 202
2 0 17 22 203
2 0 18 22 204
2 0 19 22 205
2 0 20 22 206
2 0 21 22 207
2 0 22 22 208
2 0 23 22 209
2 0 24 22 210
2 0 25 22 211
2 0 26 22 212
2 0 27 22 213
2 0 28 22 214
2 0 29 22 215
2 0 30 22 216
2 0 31 22 217
2 0 32 23 0
2 0 33 23 1
2 0 34 23 2
2 0 35 23 3
2 0 36 23 4
2 0 37 23 5
2 0 38 23 6
2 0 39 23 7
2 0 40 23 8
2 0 41 23 9
2 0 42 23 10
2 0 43 23 11
2 0 44 23 12
2 0 45 23 13
2 0 46 23 14
2 0 47 23 15
2 0 48 23 16
2 0 49 23 17
2 0 50 23 18
2 0 51 23 19
2 0 52 23 20
2 0 53 23 21
2 0 54 23 22
2 0 55 23 23
2 0 56 23 24
2 0 57 23 25
2 0 58 23 26
2 0 59 23 27
2 0 60 23 28
2 0 61 23 29
2 0 62 23 30
2 0 63 23 31
2 0 64 23 32
2 0 65 23 33
2 0 66 23 34
2 0 67 23 35
2 1 0 23 36
2 1 1 23 37
2 1 2 23 38
2 1 3 23 39
2 1 4 23 40
2 1 5 23 41
2 1 6 23 42
2 1 7 23 43
2 1 8 23 44
2 1 9 23 45
2 1 10 23 46
2 1 11 23 47
2 1 12 23 48
2 1 13 23 49
2 1 14 23 50
2 1 15 23 51
2 1 16 23 52
2 1 17 23 53
2 1 18 23 54
2 1 19 23 55
2 1 20 23 56
2 1 21 23 57
2 1 22 23 58
2 1 23 23 59
2 1 24 23 60
2 1 25 23 61
2 1 26 23 62
2 1 27 23 63
2 1 28 23 64
2 1 29 23 65
2 1 30 23 66
2 1 31 23 67
2 1 32 23 68
2 1 33 23 69
2 1 34 23 70
2 1 35 23 71
2 1 36 23 72
2 1 37 23 73
2 1 38 23 74
2 1 39 23 75
2 1 40 23 76
2 1 41 23 77
2 1 42 23 78
2 1 43 23 79
2 1 44 23 80
2 1 45 23 81
2 1 46 23 82
2 1 47 23 83
2 1 48 23 84
2 1 49 23 85
2 1 50 23 86
2 1 51 23 87
2 1 52 23 88
2 1 53 23 89
2 1 54 23 90
2 1 55 23 91
2 1 56 23 92
2 1 57 23 93
2 1 58 23 94
2 1 59 23 95
2 1 60 23 96
2 1 61 23 97
2 1 62 23 98
2 1 63 23 99
2 1 64 23 100
2 1 65 23 101
2 1 66 23 102
2 1 67 23 103
2 2 0 23 104
2 2 1 23 105
2 2 2 23 106
2 2 3 23 107
2 2 4 23 108
2 2 5 23 109
2 2 6 23 110
2 2 7 23 111
2 2 8 23 112
2 2 9 23 113
2 2 10 23 114
2 2 11 23 115
2 2 12 23 116
2 2 13 23 117
2 2 14 23 118
2 2 15 23 119
2 2 16 23 120
2 2 17 23 121
2 2 18 23 122
2 2 19 23 123
2 2 20 23 124
2 2 21 23 125
2 2 22 23 126
2 2 23 23 127
2 2 24 23 128
2 2 25 23 129
2 2 26 23 130
2 2 27 23 131
2 2 28 23 132
2 2 29 23 133
2 2 30 23 134
2 2 31 23 135
2 2 32 23 136
2 2 33 23 137
2 2 34 23 138
2 2 35 23 139
2 2 36 23 140
2 2 37 23 141
2 2 38 23 142
2 2 39 23 143
2 2 40 23 144
2 2 41 23 145
2 2 42 23 146
2 2 43 23 147
2 2 44 23 148
2 2 45 23 149
2 2 46 23 150
2 2 47 23 151
2 2 48 23 152
2 2 49 23 153
2 2 50 23 154
2 2 51 23 155
2 2 52 23 156
2 2 53 23 157
2 2 54 23 158
2 2 55 23 159
2 2 56 23 160
2 2 57 23 161
2 2 58 23 162
2 2 59 23 163
2 2 60 23 164
2 2 61 23 165
2 2 62 23 166
2 2 63 23 167
2 2 64 23 168
2 2 65 23 169
2 2 66 23 170
2 2 67 23 171
2 3 0 23 172
2 3 1 23 173
2 3 2 23 174
2 3 3 23 175
2 3 4 23 176
2 3 5 23 177
2 3 6 23 178
2 3 7 23 179
2 3 8 23 180
2 3 9 23 181
2 3 10 23 182
2 3 11 23 183
2 3 12 23 184
2 3 13 23 185
2 3 14 23 186
2 3 15 23 187
2 3 16 23 188
2 3 17 23 189
2 3 18 23 190
2 3 19 23 191
2 3 20 23 192
2 3 21 23 193
2 3 22 23 194
2 3 23 23 195
2 3 24 23 196
2 3 25 23 197
2 3 26 23 198
2 3 27 23 199
2 3 28 23 200
2 3 29 23 201
2 3 30 23 202
2 3 31 23 203
2 3 32 23 204
2 3 33 23 205
2 3 34 23 206
2 3 35 23 207
2 3 36 23 208
2 3 37 23 209
2 3 38 24 0
2 3 39 24 1
2 3 40 24 2
2 3 41 24 3
2 3 42 24 4
2 3 43 24 5
2 3 44 24 6
2 3 45 24 7
2 3 46 24 8
2 3 47 24 9
2 3 48 24 10
2 3 49 24 11
2 3 50 24 12
2 3 51 24 13
2 3 52 24 14
2 3 53 24 15
2 3 54 24 16
2 3 55 24 17
2 3 56 24 18
2 3 57 24 19
2 3 58 24 20
2 3 59 24 21
2 3 60 24 22
2 3 61 24 23
2 3 62 24 24
2 3 63 24 25
2 3 64 24 26
2 3 65 24 27
2 3 66 24 28
2 3 67 24 29
2 4 0 24 30
2 4 1 24 31
2 4 2 24 32
2 4 3 24 33
2 4 4 24 34
2 4 5 24 35
2 4 6 24 36
2 4 7 24 37
2 4 8 24 38
2 4 9 24 39
2 4 10 24 40
2 4 11 24 41
2 4 12 24 42
2 4 13 24 43
2 4 14 24 44
2 4 15 24 45
2 4 16 24 46
2 4 17 24 47
2 4 18 24 48
2 4 19 24 49
2 4 20 24 50
2 4 21 24 51
2 4 22 24 52
2 4 23 24 53
2 4 24 24 54
2 4 25 24 55
2 4 26 24 56
2 4 27 24 57
2 4 28 24 58
2 4 29 24 59
2 4 30 24 60
2 4 31 24 61
2 4 32 24 62
2 4 33 24 63
2 4 34 24 64
2 4 35 24 65
2 4 36 24 66
2 4 37 24 67
2 4 38 24 68
2 4 39 24 69
2 4 40 24 70
2 4 41 24 71
2 4 42 24 72
2 4 43 24 73
2 4 44 24 74
2 4 45 24 75
2 4 46 24 76
2 4 47 24 77
2 4 48 24 78
2 4 49 24 79
2 4 50 24 80
2 4 51 24 81
2 4 52 24 82
2 4 53 24 83
2 4 54 24 84
2 4 55 24 85
2 4 56 24 86
2 4 57 24 87
2 4 58 24 88
2 4 59 24 89
2 4 60 24 90
2 4 61 24 91
2 4 62 24 92
2 4 63 24 93
2 4 64 24 94
2 4 65 24 95
2 4 66 24 96
2 4 67 24 97
2 5 0 24 98
2 5 1 24 99
2 5 2 24 100
2 5 3 24 101
2 5 4 24 102
2 5 5 24 103
2 5 6 24 104
2 5 7 24 105
2 5 8 24 106
2 5 9 24 107
2 5 10 24 108
2 5 11 24 109
2 5 12 24 110
2 5 13 24 111
2 5 14 24 112
2 5 15 24 113
2 5 16 24 114
2 5 17 24 115
2 5 18 24 116
2 5 19 24 117
2 5 20 24 118
2 5 21 24 119
2 5 22 24 120
2 5 23 24 121
2 5 24 24 122
2 5 25 24 123
2 5 26 24 124
2 5 27 24 125
2 5 28 24 126
2 5 29 24 127
2 5 30 24 128
2 5 31 24 129
2 5 32 24 130
2 5 33 24 131
2 5 34 24 132
2 5 35 24 133
2 5 36 24 134
2 5 37 24 135
2 5 38 24 136
2 5 39 24 137
2 5 40 24 138
2 5 41 24 139
2 5 42 24 140
2 5 43 24 141
2 5 44 24 142
2 5 45 24 143
2 5 46 24 144
2 5 47 24 145
2 5 48 24 146
2 5 49 24 147
2 5 50 24 148
2 5 51 24 149
2 5 52 24 150
2 5 53 24 151
2 5 54 24 152
2 5 55 24 153
2 5 56 24 154
2 5 57 24 155
2 5 58 24 156
2 5 59 24 157
2 5 60 24 158
2 5 61 24 159
2 5 62 24 160
2 5 63 24 161
2 5 64 24 162
2 5 65 24 163
2 5 66 24 164
2 5 67 24 165
2 6 0 24 166
2 6 1 24 167
2 6 2 24 168
2 6 3 24 169
2 6 4 24 170
2 6 5 24 171
2 6 6 24 172
2 6 7 24 173
2 6 8 24 174
2 6 9 24 175
2 6 10 24 176
2 6 11 24 177
2 6 12 24 178
2 6 13 24 179
2 6 14 24 180
2 6 15 24 181
2 6 16 24 182
2 6 17 24 183
2 6 18 24 184
2 6 19 24 185
2 6 20 24 186
2 6 21 24 187
2 6 22 24 188
2 6 23 24 189
2 6 24 24 190
2 6 25 24 191
2 6 26 24 192
2 6 27 24 193
2 6 28 24 194
2 6 29 24 195
2 6 30 24 196
2 6 31 24 197
2 6 32 24 198
2 6 33 24 199
2 6 34 24 200
2 6 35 24 201
2 6 36 24 202
2 6 37 24 203
2 6 38 24 204
2 6 39 24 205
2 6 40 25 0
2 6 41 25 1
2 6 42 25 2
2 6 43 25 3
2 6 44 25 4
2 6 45 25 5
2 6 46 25 6
2 6 47 25 7
2 6 48 25 8
2 6 49 25 9
2 6 50 25 10
2 6 51 25 11
2 6 52 25 12
2 6 53 25 13
2 6 54 25 14
2 6 55 25 15
2 6 56 25 16
2 6 57 25 17
2 6 58 25 18
2 6 59 25 19
2 6 60 25 20
2 6 61 25 21
2 6 62 25 22
2 6 63 25 23
2 6 64 25 24
2 6 65 25 25
2 6 66 25 26
2 6 67 25 27
2 7 0 25 28
2 7 1 25 29
2 7 2 25 30
2 7 3 25 31
2 7 4 25 32
2 7 5 25 33
2 7 6 25 34
2 7 7 25 35
2 7 8 25 36
2 7 9 25 37
2 7 10 25 38
2 7 11 25 39
2 7 12 25 40
2 7 13 25 41
2 7 14 25 42
2 7 15 25 43
2 7 16 25 44
2 7 17 25 45
2 7 18 25 46
2 7 19 25 47
2 7 20 25 48
2 7 21 25 49
2 7 22 25 50
2 7 23 25 51
2 7 24 25 52
2 7 25 25 53
2 7 26 25 54
2 7 27 25 55
2 7 28 25 56
2 7 29 25 57
2 7 30 25 58
2 7 31 25 59
2 7 32 25 60
2 7 33 25 61
2 7 34 25 62
2 7 35 25 63
2 7 36 25 64
2 7 37 25 65
2 7 38 25 66
2 7 39 25 67
2 7 40 25 68
2 7 41 25 69
2 7 42 25 70
2 7 43 25 71
2 7 44 25 72
2 7 45 25 73
2 7 46 25 74
2 7 47 25 75
2 7 48 25 76
2 7 49 25 77
2 7 50 25 78
2 7 51 25 79
2 7 52 25 80
2 7 53 25 81
2 7 54 25 82
2 7 55 25 83
2 7 56 25 84
2 7 57 25 85
2 7 58 25 86
2 7 59 25 87
2 7 60 25 88
2 7 61 25 89
2 7 62 25 90
2 7 63 25 91
2 7 64 25 92
2 7 65 25 93
2 7 66 25 94
2 7 67 25 95
2 8 0 25 96
2 8 1 25 97
2 8 2 25 98
2 8 3 25 99
2 8 4 25 100
2 8 5 25 101
2 8 6 25 102
2 8 7 25 103
2 8 8 25 104
2 8 9 25 105
2 8 10 25 106
2 8 11 25 107
2 8 12 25 108
2 8 13 25 109
2 8 14 25 110
2 8 15 25 111
2 8 16 25 112
2 8 17 25 113
2 8 18 25 114
2 8 19 25 115
2 8 20 25 116
2 8 21 25 117
2 8 22 25 118
2 8 23 25 119
2 8 24 25 120
2 8 25 25 121
2 8 26 25 122
2 8 27 25 123
2 8 28 25 124
2 8 29 25 125
2 8 30 25 126
2 8 31 25 127
2 8 32 25 128
2 8 33 25 129
2 8 34 25 130
2 8 35 25 131
2 8 36 25 132
2 8 37 25 133
2 8 38 25 134
2 8 39 25 135
2 8 40 25 136
2 8 41 25 137
2 8 42 25 138
2 8 43 25 139
2 8 44 25 140
2 8 45 25 141
2 8 46 25 142
2 8 47 25 143
2 8 48 25 144
2 8 49 25 145
2 8 50 25 146
2 8 51 25 147
2 8 52 25 148
2 8 53 25 149
2 8 54 25 150
2 8 55 25 151
2 8 56 25 152
2 8 57 25 153
2 8 58 25 154
2 8 59 25 155
2 8 60 25 156
2 8 61 25 157
2 8 62 25 158
2 8 63 25 159
2 8 64 25 160
2 8 65 25 161
2 8 66 25 162
2 8 67 25 163
2 9 0 25 164
2 9 1 25 165
2 9 2 25 166
2 9 3 25 167
2 9 4 25 168
2 9 5 25 169
2 9 6 25 170
2 9 7 25 171
2 9 8 25 172
2 9 9 25 173
2 9 10 25 174
2 9 11 25 175
2 9 12 25 176
2 9 13 25 177
2 9 14 25 178
2 9 15 25 179
2 9 16 25 180
2 9 17 25 181
2 9 18 25 182
2 9 19 25 183
2 9 20 25 184
2 9 21 25 185
2 9 22 25 186
2 9 23 25 187
2 9 24 25 188
2 9 25 25 189
2 9 26 25 190
2 9 27 25 191
2 9 28 25 192
2 9 29 25 193
2 9 30 25 194
2 9 31 25 195
2 9 32 25 196
2 9 33 25 197
2 9 34 25 198
2 9 35 25 199
2 9 36 25 200
2 9 37 25 201
2 9 38 26 0
2 9 39 26 1
2 9 40 26 2
2 9 41 26 3
2 9 42 26 4
2 9 43 26 5
2 9 44 26 6
2 9 45 26 7
2 9 46 26 8
2 9 47 26 9
2 9 48 26 10
2 9 49 26 11
2 9 50 26 12
2 9 51 26 13
2 9 52 26 14
2 9 53 26 15
2 9 54 26 16
2 9 55 26 17
2 9 56 26 18
2 9 57 26 19
2 9 58 26 20
2 9 59 26 21
2 9 60 26 22
2 9 61 26 23
2 9 62 26 24
2 9 63 26 25
2 9 64 26 26
2 9 65 26 27
2 9 66 26 28
2 9 67 26 29
2 10 0 26 30
2 10 1 26 31
2 10 2 26 32
2 10 3 26 33
2 10 4 26 34
2 10 5 26 35
2 10 6 26 36
2 10 7 26 37
2 10 8 26 38
2 10 9 26 39
2 10 10 26 40
2 10 11 26 41
2 10 12 26 42
2 10 13 26 43
2 10 14 26 44
2 10 15 26 45
2 10 16 26 46
2 10 17 26 47
2 10 18 26 48
2 10 19 26 49
2 10 20 26 50
2 10 21 26 51
2 10 22 26 52
2 10 23 26 53
2 10 24 26 54
2 10 25 26 55
2 10 26 26 56
2 10 27 26 57
2 10 28 26 58
2 10 29 26 59
2 10 30 26 60
2 10 31 26 61
2 10 32 26 62
2 10 33 26 63
2 10 34 26 64
2 10 35 26 65
2 10 36 26 66
2 10 37 26 67
2 10 38 26 68
2 10 39 26 69
2 10 40 26 70
2 10 41 26 71
2 10 42 26 72
2 10 43 26 73
2 10 44 26 74
2 10 45 26 75
2 10 46 26 76
2 10 47 26 77
2 10 48 26 78
2 10 49 26 79
2 10 50 26 80
2 10 51 26 81
2 10 52 26 82
2 10 53 26 83
2 10 54 26 84
2 10 55 26 85
2 10 56 26 86
2 10 57 26 87
2 10 58 26 88
2 10 59 26 89
2 10 60 26 90
2 10 61 26 91
2 10 62 26 92
2 10 63 26 93
2 10 64 26 94
2 10 65 26 95
2 10 66 26 96
2 10 67 26 97
2 11 0 26 98
2 11 1 26 99
2 11 2 26 100
2 11 3 26 101
2 11 4 26 102
2 11 5 26 103
2 11 6 26 104
2 11 7 26 105
2 11 8 26 106
2 11 9 26 107
2 11 10 26 108
2 11 11 26 109
2 11 12 26 110
2 11 13 26 111
2 11 14 26 112
2 11 15 26 113
2 11 16 26 114
2 11 17 26 115
2 11 18 26 116
2 11 19 26 117
2 11 20 26 118
2 11 21 26 119
2 11 22 26 120
2 11 23 26 121
2 11 24 26 122
2 11 25 26 123
2 11 26 26 124
2 11 27 26 125
2 11 28 26 126
2 11 29 26 127
2 11 30 26 128
2 11 31 26 129
2 11 32 26 130
2 11 33 26 131
2 11 34 26 132
2 11 35 26 133
2 11 36 26 134
2 11 37 26 135
2 11 38 26 136
2 11 39 26 137
2 11 40 26 138
2 11 41 26 139
2 11 42 26 140
2 11 43 26 141
2 11 44 26 142
2 11 45 26 143
2 11 46 26 144
2 11 47 26 145
2 11 48 26 146
2 11 49 26 147
2 11 50 26 148
2 11 51 26 149
2 11 52 26 150
2 11 53 26 151
2 11 54 26 152
2 11 55 26 153
2 11 56 26 154
2 11 57 26 155
2 11 58 26 156
2 11 59 26 157
2 11 60 26 158
2 11 61 26 159
2 11 62 26 160
2 11 63 26 161
2 11 64 26 162
2 11 65 26 163
2 11 66 26 164
2 11 67 26 165
2 12 0 26 166
2 12 1 26 167
2 12 2 26 168
2 12 3 26 169
2 12 4 26 170
2 12 5 26 171
2 12 6 26 172
2 12 7 26 173
2 12 8 26 174
2 12 9 26 175
2 12 10 26 176
2 12 11 26 177
2 12 12 26 178
2 12 13 26 179
2 12 14 26 180
2 12 15 26 181
2 12 16 26 182
2 12 17 26 183
2 12 18 26 184
2 12 19 26 185
2 12 20 26 186
2 12 21 26 187
2 12 22 26 188
2 12 23 26 189
2 12 24 26 190
2 12 25 26 191
2 12 26 26 192
2 12 27 26 193
2 12 28 26 194
2 12 29 26 195
2 12 30 26 196
2 12 31 26 197
2 12 32 26 198
2 12 33 26 199
2 12 34 27 0
2 12 35 27 1
2 12 36 27 2
2 12 37 27 3
2 12 38 27 4
2 12 39 27 5
2 12 40 27 6
2 12 41 27 7
2 12 42 27 8
2 12 43 27 9
2 12 44 27 10
2 12 45 27 11
2 12 46 27 12
2 12 47 27 13
2 12 48 27 14
2 12 49 27 15
2 12 50 27 16
2 12 51 27 17
2 12 52 27 18
2 12 53 27 19
2 12 54 27 20
2 12 55 27 21
2 12 56 27 22
2 12 57 27 23
2 12 58 27 24
2 12 59 27 25
2 12 60 27 26
2 12 61 27 27
2 12 62 27 28
2 12 63 27 29
2 12 64 27 30
2 12 65 27 31
2 12 66 27 32
2 12 67 27 33
2 13 0 27 34
2 13 1 27 35
2 13 2 27 36
2 13 3 27 37
2 13 4 27 38
2 13 5 27 39
2 13 6 27 40
2 13 7 27 41
2 13 8 27 42
2 13 9 27 43
2 13 10 27 44
2 13 11 27 45
2 13 12 27 46
2 13 13 27 47
2 13 14 27 48
2 13 15 27 49
2 13 16 27 50
2 13 17 27 51
2 13 18 27 52
2 13 19 27 53
2 13 20 27 54
2 13 21 27 55
2 13 22 27 56
2 13 23 27 57
2 13 24 27 58
2 13 25 27 59
2 13 26 27 60
2 13 27 27 61
2 13 28 27 62
2 13 29 27 63
2 13 30 27 64
2 13 31 27 65
2 13 32 27 66
2 13 33 27 67
2 13 34 27 68
2 13 35 27 69
2 13 36 27 70
2 13 37 27 71
2 13 38 27 72
2 13 39 27 73
2 13 40 27 74
2 13 41 27 75
2 13 42 27 76
2 13 43 27 77
2 13 44 27 78
2 13 45 27 79
2 13 46 27 80
2 13 47 27 81
2 13 48 27 82
2 13 49 27 83
2 13 50 27 84
2 13 51 27 85
2 13 52 27 86
2 13 53 27 87
2 13 54 27 88
2 13 55 27 89
2 13 56 27 90
2 13 57 27 91
2 13 58 27 92
2 13 59 27 93
2 13 60 27 94
2 13 61 27 95
2 13 62 27 96
2 13 63 27 97
2 13 64 27 98
2 13 65 27 99
2 13 66 27 100
2 13 67 27 101
2 14 0 27 102
2 14 1 27 103
2 14 2 27 104
2 14 3 27 105
2 14 4 27 106
2 14 5 27 107
2 14 6 27 108
2 14 7 27 109
2 14 8 27 110
2 14 9 27 111
2 14 10 27 112
2 14 11 27 113
2 14 12 27 114
2 14 13 27 115
2 14 14 27 116
2 14 15 27 117
2 14 16 27 118
2 14 17 27 119
2 14 18 27 120
2 14 19 27 121
2 14 20 27 122
2 14 21 27 123
2 14 22 27 124
2 14 23 27 125
2 14 24 27 126
2 14 25 27 127
2 14 26 27 128
2 14 27 27 129
2 14 28 27 130
2 14 29 27 131
2 14 30 27 132
2 14 31 27 133
2 14 32 27 134
2 14 33 27 135
2 14 34 27 136
2 14 35 27 137
2 14 36 27 138
2 14 37 27 139
2 14 38 27 140
2 14 39 27 141
2 14 40 27 142
2 14 41 27 143
2 14 42 27 144
2 14 43 27 145
2 14 44 27 146
2 14 45 27 147
2 14 46 27 148
2 14 47 27 149
2 14 48 27 150
2 14 49 27 151
2 14 50 27 152
2 14 51 27 153
2 14 52 27 154
2 14 53 27 155
2 14 54 27 156
2 14 55 27 157
2 14 56 27 158
2 14 57 27 159
2 14 58 27 160
2 14 59 27 161
2 14 60 27 162
2 14 61 27 163
2 14 62 27 164
2 14 63 27 165
2 14 64 27 166
2 14 65 27 167
2 14 66 27 168
2 14 67 27 169
2 15 0 27 170
2 15 1 27 171
2 15 2 27 172
2 15 3 27 173
2 15 4 27 174
2 15 5 27 175
2 15 6 27 176
2 15 7 27 177
2 15 8 27 178
2 15 9 27 179
2 15 10 27 180
2 15 11 27 181
2 15 12 27 182
2 15 13 27 183
2 15 14 27 184
2 15 15 27 185
2 15 16 27 186
2 15 17 27 187
2 15 18 27 188
2 15 19 27 189
2 15 20 27 190
2 15 21 27 191
2 15 22 27 192
2 15 23 27 193
2 15 24 27 194
2 15 25 27 195
2 15 26 28 0
2 15 27 28 1
2 15 28 28 2
2 15 29 28 3
2 15 30 28 4
2 15 31 28 5
2 15 32 28 6
2 15 33 28 7
2 15 34 28 8
2 15 35 28 9
2 15 36 28 10
2 15 37 28 11
2 15 38 28 12
2 15 39 28 13
2 15 40 28 14
2 15 41 28 15
2 15 42 28 16
2 15 43 28 17
2 15 44 28 18
2 15 45 28 19
2 15 46 28 20
2 15 47 28 21
2 15 48 28 22
2 15 49 28 23
2 15 50 28 24
2 15 51 28 25
2 15 52 28 26
2 15 53 28 27
2 15 54 28 28
2 15 55 28 29
2 15 56 28 30
2 15 57 28 31
2 15 58 28 32
2 15 59 28 33
2 15 60 28 34
2 15 61 28 35
2 15 62 28 36
2 15 63 28 37
2 15 64 28 38
2 15 65 28 39
2 15 66 28 40
2 15 67 28 41
2 16 0 28 42
2 16 1 28 43
2 16 2 28 44
2 16 3 28 45
2 16 4 28 46
2 16 5 28 47
2 16 6 28 48
2 16 7 28 49
2 16 8 28 50
2 16 9 28 51
2 16 10 28 52
2 16 11 28 53
2 16 12 28 54
2 16 13 28 55
2 16 14 28 56
2 16 15 28 57
2 16 16 28 58
2 16 17 28 59
2 16 18 28 60
2 16 19 28 61
2 16 20 28 62
2 16 21 28 63
2 16 22 28 64
2 16 23 28 65
2 16 24 28 66
2 16 25 28 67
2 16 26 28 68
2 16 27 28 69
2 16 28 28 70
2 16 29 28 71
2 16 30 28 72
2 16 31 28 73
2 16 32 28 74
2 16 33 28 75
2 16 34 28 76
2 16 35 28 77
2 16 36 28 78
2 16 37 28 79
2 16 38 28 80
2 16 39 28 81
2 16 40 28 82
2 16 41 28 83
2 16 42 28 84
2 16 43 28 85
2 16 44 28 86
2 16 45 28 87
2 16 46 28 88
2 16 47 28 89
2 16 48 28 90
2 16 49 28 91
2 16 50 28 92
2 16 51 28 93
2 16 52 28 94
2 16 53 28 95
2 16 54 28 96
2 16 55 28 97
2 16 56 28 98
2 16 57 28 99
2 16 58 28 100
2 16 59 28 101
2 16 60 28 102
2 16 61 28 103
2 16 62 28 104
2 16 63 28 105
2 16 64 28 106
2 16 65 28 107
2 16 66 28 108
2 16 67 28 109
2 17 0 28 110
2 17 1 28 111
2 17 2 28 112
2 17 3 28 113
2 17 4 28 114
2 17 5 28 115
2 17 6 28 116
2 17 7 28 117
2 17 8 28 118
2 17 9 28 119
2 17 10 28 120
2 17 11 28 121
2 17 12 28 122
2 17 13 28 123
2 17 14 28 124
2 17 15 28 125
2 17 16 28 126
2 17 17 28 127
2 17 18 28 128
2 17 19 28 129
2 17 20 28 130
2 17 21 28 131
2 17 22 28 132
2 17 23 28 133
2 17 24 28 134
2 17 25 28 135
2 17 26 28 136
2 17 27 28 137
2 17 28 28 138
2 17 29 28 139
2 17 30 28 140
2 17 31 28 141
2 17 32 28 142
2 17 33 28 143
2 17 34 28 144
2 17 35 28 145
2 17 36 28 146
2 17 37 28 147
2 17 38 28 148
2 17 39 28 149
2 17 40 28 150
2 17 41 28 151
2 17 42 28 152
2 17 43 28 153
2 17 44 28 154
2 17 45 28 155
2 17 46 28 156
2 17 47 28 157
2 17 48 28 158
2 17 49 28 159
2 17 50 28 160
2 17 51 28 161
2 17 52 28 162
2 17 53 28 163
2 17 54 28 164
2 17 55 28 165
2 17 56 28 166
2 17 57 28 167
2 17 58 28 168
2 17 59 28 169
2 17 60 28 170
2 17 61 28 171
2 17 62 28 172
2 17 63 28 173
2 17 64 28 174
2 17 65 28 175
2 17 66 28 176
2 17 67 28 177
2 18 0 29 0
2 18 1 29 1
2 18 2 29 2
2 18 3 29 3
2 18 4 29 4
2 18 5 29 5
2 18 6 29 6
2 18 7 29 7
2 18 8 29 8
2 18 9 29 9
2 18 10 29 10
2 18 11 29 11
2 18 12 29 12
2 18 13 29 13
2 18 14 29 14
2 18 15 29 15
2 18 16 29 16
2 18 17 29 17
2 18 18 29 18
2 18 19 29 19
2 18 20 29 20
2 18 21 29 21
2 18 22 29 22
2 18 23 29 23
2 18 24 29 24
2 18 25 29 25
2 18 26 29 26
2 18 27 29 27
2 18 28 29 28
2 18 29 29 29
2 18 30 29 30
2 18 31 29 31
2 18 32 29 32
2 18 33 29 33
2 18 34 29 34
2 18 35 29 35
2 18 36 29 36
2 18 37 29 37
2 18 38 29 38
2 18 39 29 39
2 18 40 29 40
2 18 41 29 41
2 18 42 29 42
2 18 43 29 43
2 18 44 29 44
2 18 45 29 45
2 18 46 29 46
2 18 47 29 47
2 18 48 29 48
2 18 49 29 49
2 18 50 29 50
2 18 51 29 51
2 18 52 29 52
2 18 53 29 53
2 18 54 29 54
2 18 55 29 55
2 18 56 29 56
2 18 57 29 57
2 18 58 29 58
2 18 59 29 59
2 18 60 29 60
2 18 61 29 61
2 18 62 29 62
2 18 63 29 63
2 18 64 29 64
2 18 65 29 65
2 18 66 29 66
2 18 67 29 67
2 19 0 29 68
2 19 1 29 69
2 19 2 29 70
2 19 3 29 71
2 19 4 29 72
2 19 5 29 73
2 19 6 29 74
2 19 7 29 75
2 19 8 29 76
2 19 9 29 77
2 19 10 29 78
2 19 11 29 79
2 19 12 29 80
2 19 13 29 81
2 19 14 29 82
2 19 15 29 83
2 19 16 29 84
2 19 17 29 85
2 19 18 29 86
2 19 19 29 87
2 19 20 29 88
2 19 21 29 89
2 19 22 29 90
2 19 23 29 91
2 19 24 29 92
2 19 25 29 93
2 19 26 29 94
2 19 27 29 95
2 19 28 29 96
2 19 29 29 97
2 19 30 29 98
2 19 31 29 99
2 19 32 29 100
2 19 33 29 101
2 19 34 29 102
2 19 35 29 103
2 19 36 29 104
2 19 37 29 105
2 19 38 29 106
2 19 39 29 107
2 19 40 29 108
2 19 41 29 109
2 19 42 29 110
2 19 43 29 111
2 19 44 29 112
2 19 45 29 113
2 19 46 29 114
2 19 47 29 115
2 19 48 29 116
2 19 49 29 117
2 19 50 29 118
2 19 51 29 119
2 19 52 29 120
2 19 53 29 121
2 19 54 29 122
2 19 55 29 123
2 19 56 29 124
2 19 57 29 125
2 19 58 29 126
2 19 59 29 127
2 19 60 29 128
2 19 61 29 129
2 19 62 30 0
2 19 63 30 1
2 19 64 30 2
2 19 65 30 3
2 19 66 30 4
2 19 67 30 5
2 20 0 30 6
2 20 1 30 7
2 20 2 30 8
2 20 3 30 9
2 20 4 30 10
2 20 5 30 11
2 20 6 30 12
2 20 7 30 13
2 20 8 30 14
2 20 9 30 15
2 20 10 30 16
2 20 11 30 17
2 20 12 30 18
2 20 13 30 19
2 20 14 30 20
2 20 15 30 21
2 20 16 30 22
2 20 17 30 23
2 20 18 30 24
2 20 19 30 25
2 20 20 30 26
2 20 21 30 27
2 20 22 30 28
2 20 23 30 29
2 20 24 30 30
2 20 25 30 31
2 20 26 30 32
2 20 27 30 33
2 20 28 30 34
2 20 29 30 35
2 20 30 30 36
2 20 31 30 37
2 20 32 30 38
2 20 33 30 39
2 20 34 30 40
2 20 35 30 41
2 20 36 30 42
2 20 37 30 43
2 20 38 30 44
2 20 39 30 45
2 20 40 30 46
2 20 41 30 47
2 20 42 30 48
2 20 43 30 49
2 20 44 30 50
2 20 45 30 51
2 20 46 30 52
2 20 47 30 53
2 20 48 30 54
2 20 49 30 55
2 20 50 30 56
2 20 51 30 57
2 20 52 30 58
2 20 53 30 59
2 20 54 30 60
2 20 55 30 61
2 20 56 30 62
2 20 57 30 63
2 20 58 30 64
2 20 59 30 65
2 20 60 30 66
2 20 61 30 67
2 20 62 30 68
2 20 63 30 69
2 20 64 30 70
2 20 65 30 71
2 20 66 30 72
2 20 67 30 73
2 21 0 30 74
2 21 1 30 75
2 21 2 30 76
2 21 3 30 77
2 21 4 30 78
2 21 5 30 79
2 21 6 30 80
2 21 7 30 81
2 21 8 30 82
2 21 9 30 83
2 21 10 30 84
2 21 11 30 85
2 21 12 30 86
2 21 13 30 87
2 21 14 30 88
2 21 15 30 89
2 21 16 30 90
2 21 17 30 91
2 21 18 30 92
2 21 19 30 93
2 21 20 30 94
2 21 21 30 95
2 21 22 30 96
2 21 23 30 97
2 21 24 30 98
2 21 25 30 99
2 21 26 30 100
2 21 27 30 101
2 21 28 30 102
2 21 29 30 103
2 21 30 30 104
2 21 31 30 105
2 21 32 30 106
2 21 33 30 107
2 21 34 31 0
2 21 35 31 1
2 21 36 31 2
2 21 37 31 3
2 21 38 31 4
2 21 39 31 5
2 21 40 31 6
2 21 41 31 7
2 21 42 31 8
2 21 43 31 9
2 21 44 31 10
2 21 45 31 11
2 21 46 31 12
2 21 47 31 13
2 21 48 31 14
2 21 49 31 15
2 21 50 31 16
2 21 51 31 17
2 21 52 31 18
2 21 53 31 19
2 21 54 31 20
2 21 55 31 21
2 21 56 31 22
2 21 57 31 23
2 21 58 31 24
2 21 59 31 25
2 21 60 31 26
2 21 61 31 27
2 21 62 31 28
2 21 63 31 29
2 21 64 31 30
2 21 65 31 31
2 21 66 31 32
2 21 67 31 33
2 22 0 31 34
2 22 1 31 35
2 22 2 31 36
2 22 3 31 37
2 22 4 31 38
2 22 5 31 39
2 22 6 31 40
2 22 7 31 41
2 22 8 31 42
2 22 9 31 43
2 22 10 31 44
2 22 11 31 45
2 22 12 31 46
2 22 13 31 47
2 22 14 31 48
2 22 15 31 49
2 22 16 31 50
2 22 17 31 51
2 22 18 31 52
2 22 19 31 53
2 22 20 31 54
2 22 21 31 55
2 22 22 31 56
2 22 23 31 57
2 22 24 31 58
2 22 25 31 59
2 22 26 31 60
2 22 27 31 61
2 22 28 31 62
2 22 29 31 63
2 22 30 31 64
2 22 31 31 65
2 22 32 31 66
2 22 33 31 67
2 22 34 31 68
2 22 35 31 69
2 22 36 31 70
2 22 37 31 71
2 22 38 31 72
2 22 39 31 73
2 22 40 31 74
2 22 41 31 75
2 22 42 31 76
2 22 43 31 77
2 22 44 31 78
2 22 45 31 79
2 22 46 31 80
2 22 47 31 81
2 22 48 31 82
2 22 49 31 83
2 22 50 31 84
2 22 51 31 85
2 22 52 31 86
2 22 53 31 87
2 22 54 31 88
2 22 55 31 89
